1 0.5858333328125 0.37629629722222224 0.665 0.6577777777777778 0.7125 0.6103703694444444 0.6283333328125 0.3318518527777778 0.5858333328125 0.37629629722222224
0 0.8734375 0.7138888888888889 0.071875 0.05555555555555555
0 0.609375 0.25 0.021875 0.08888888888888889
0 0.621875 0.1111111111111111 0.0296875 0.09722222222222222
0 0.5734375 0.5222222222222223 0.0578125 0.06111111111111111
0 0.5375 0.4361111111111111 0.0578125 0.05555555555555555
0 0.48125 0.4777777777777778 0.0546875 0.05555555555555555
0 0.4234375 0.5333333333333333 0.059375 0.058333333333333334
0 0.40625 0.4722222222222222 0.0578125 0.05277777777777778
0 0.44375 0.4027777777777778 0.046875 0.05277777777777778
0 0.359375 0.4083333333333333 0.05 0.05
0 0.2984375 0.4111111111111111 0.05 0.04722222222222222
0 0.2640625 0.4722222222222222 0.059375 0.05
0 0.309375 0.12777777777777777 0.0703125 0.06944444444444445
0 0.04375 0.4527777777777778 0.059375 0.04722222222222222