2 0.6109375 0.4111111111111111 0.0125 0.06666666666666667
2 0.5828125 0.4027777777777778 0.0109375 0.06111111111111111
2 0.56875 0.4083333333333333 0.0125 0.058333333333333334
2 0.553125 0.4111111111111111 0.009375 0.05555555555555555
2 0.5390625 0.4083333333333333 0.0125 0.05277777777777778
2 0.5078125 0.40555555555555556 0.0125 0.06388888888888888
2 0.490625 0.4 0.0125 0.06388888888888888
2 0.4765625 0.4027777777777778 0.0109375 0.06111111111111111
2 0.45 0.40555555555555556 0.0171875 0.06111111111111111
2 0.4265625 0.4083333333333333 0.015625 0.058333333333333334
2 0.409375 0.4 0.0140625 0.058333333333333334
2 0.39375 0.40555555555555556 0.0125 0.05555555555555555
2 0.3796875 0.40555555555555556 0.0125 0.06111111111111111
2 0.365625 0.4027777777777778 0.0125 0.058333333333333334
2 0.3546875 0.4 0.0109375 0.058333333333333334
2 0.3421875 0.4027777777777778 0.0109375 0.06111111111111111
2 0.328125 0.40555555555555556 0.0125 0.06111111111111111
2 0.3140625 0.40555555555555556 0.0140625 0.06111111111111111
2 0.29375 0.40555555555555556 0.0125 0.06388888888888888
2 0.28125 0.4027777777777778 0.0125 0.06111111111111111
2 0.26875 0.4 0.0125 0.06111111111111111
2 0.25625 0.4 0.009375 0.058333333333333334
2 0.2421875 0.3972222222222222 0.0125 0.06944444444444445