2 0.609375 0.6611111111111111 0.040625 0.03611111111111111
0 0.528125 0.5361111111111111 0.0703125 0.06666666666666667
0 0.5515625 0.6166666666666667 0.075 0.06388888888888888
0 0.2171875 0.5222222222222223 0.084375 0.06944444444444445
0 0.109375 0.5277777777777778 0.084375 0.07222222222222222
0 0.0765625 0.33055555555555555 0.0828125 0.075
0 0.171875 0.325 0.08125 0.075
0 0.4640625 0.3277777777777778 0.08125 0.06944444444444445
0 0.5671875 0.3277777777777778 0.084375 0.075
0 0.671875 0.3277777777777778 0.0890625 0.075
0 0.7796875 0.325 0.084375 0.07222222222222222
0 0.9625 0.44166666666666665 0.075 0.06111111111111111
0 0.946875 0.5638888888888889 0.0875 0.07777777777777778
0 0.15 0.6194444444444445 0.06875 0.06111111111111111