1 0.88125 0.7305555555555555 0.2375 0.1361111111111111
3 0.596875 0.6638888888888889 0.2375 0.15
0 0.8140625 0.6138888888888889 0.096875 0.075
0 0.75 0.5277777777777778 0.1015625 0.075
0 0.6328125 0.5194444444444445 0.096875 0.07222222222222222
0 0.496875 0.5194444444444445 0.1078125 0.08333333333333333
0 0.3203125 0.5333333333333333 0.09375 0.07777777777777778
0 0.3453125 0.6361111111111111 0.1015625 0.07222222222222222
0 0.44375 0.18611111111111112 0.0890625 0.07777777777777778
0 0.6359375 0.06944444444444445 0.090625 0.08333333333333333
0 0.9171875 0.09722222222222222 0.0890625 0.07777777777777778
0 0.1516666671875 0.5629629638888889 0.0616666671875 0.6103703694444444 0.075 0.6814814805555556 0.1716666671875 0.6281481472222222 0.1516666671875 0.5629629638888889
0 0.0816666671875 0.7214814805555556 0 0.7866666666666666 0.0091666671875 0.8577777777777779 0.0966666671875 0.7851851861111112 0.0816666671875 0.7214814805555556