2 0.5265625 0.5611111111111111 0.0171875 0.058333333333333334
2 0.5046875 0.5777777777777777 0.0171875 0.05555555555555555
2 0.46875 0.575 0.0203125 0.058333333333333334
2 0.3890625 0.575 0.01875 0.05
2 0.3015625 0.5777777777777777 0.01875 0.04722222222222222
2 0.44375 0.1527777777777778 0.0296875 0.019444444444444445
2 0.4640625 0.13333333333333333 0.0171875 0.03888888888888889
0 0.46875 0.28888888888888886 0.065625 0.058333333333333334
0 0.5703125 0.2833333333333333 0.065625 0.05
0 0.6515625 0.2722222222222222 0.0671875 0.05555555555555555
0 0.734375 0.26666666666666666 0.0546875 0.05
0 0.8203125 0.525 0.0640625 0.05555555555555555
0 0.95 0.5027777777777778 0.0515625 0.05277777777777778