0 0.70904090625 0.7805843027777778 0.762953096875 0.8912494194444444 0.792410275 0.8527142444444444 0.7346075125 0.74353125 0.70904090625 0.7805843027777778
0 0.59704805625 0.7035139555555556 0.6659667328125 0.7618107555555556 0.6854195859375001 0.7119126472222221 0.6128882359375 0.6555920055555556 0.59704805625 0.7035139555555556
0 0.4764403703125 0.667943025 0.548415925 0.6486754361111111 0.5423021703125 0.5972952027777778 0.471994003125 0.6150806694444445 0.4764403703125 0.667943025
0 0.5420242734375 0.5538196222222223 0.597325953125 0.6264436055555556 0.617890396875 0.582968025 0.5598097375 0.5157784888888889 0.5420242734375 0.5538196222222223
0 0.6087197671875 0.5251652611111111 0.6676341203125 0.5879084305555555 0.6870869734375 0.5464090111111111 0.626227334375 0.4821837222222222 0.6087197671875 0.5251652611111111
0 0.498394303125 0.3552152611111111 0.5381337015625001 0.43722601666666666 0.5639782062500001 0.4095597388888889 0.5184029515625 0.32705494166666665 0.498394303125 0.3552152611111111
0 0.4322546046875 0.4362379361111111 0.4158586296875 0.34533444722222223 0.391403615625 0.3537331388888889 0.4058543046875 0.44858895277777777 0.4322546046875 0.4362379361111111
0 0.42030499531250004 0.33545363333333333 0.40140793906249994 0.2618415694444444 0.375563434375 0.2736985472222222 0.39307100156249997 0.349286775 0.42030499531250004 0.33545363333333333
0 0.40390902031250003 0.22725872222222224 0.38584565625 0.1467300888888889 0.3630580296875 0.15611686111111112 0.3783424140625 0.24059781944444447 0.40390902031250003 0.22725872222222224
0 0.2194792953125 0.8257502416666667 0.2904357234375 0.7319715694444445 0.2703625234375 0.6896466833333333 0.1994060953125 0.7684871583333333 0.2194792953125 0.8257502416666667
0 0.2867011734375 0.8240904416666666 0.34178576875 0.7643376611111111 0.3268475734375 0.7228426722222222 0.2708293421875 0.7792758555555556 0.2867011734375 0.8240904416666666
0 0.410408103125 0.6431722972222222 0.4678267921875 0.6016773111111111 0.4566231453125 0.5535431249999999 0.39733718281249997 0.5958680138888889 0.410408103125 0.6431722972222222