1 0.46011982656250006 0.7985588944444444 0.3388439 0.5533467194444444 0.29199912031249997 0.5931358638888888 0.41119305781250004 0.8577799472222222 0.46011982656250006 0.7985588944444444
2 0.36875 0.5916666666666667 0.025 0.05555555555555555
0 0.5046875 0.41388888888888886 0.0296875 0.058333333333333334
0 0.4421875 0.38333333333333336 0.0328125 0.06666666666666667
0 0.453125 0.20833333333333334 0.0234375 0.058333333333333334
0 0.403125 0.14166666666666666 0.0203125 0.05
0 0.4359375 0.08055555555555556 0.0234375 0.044444444444444446
0 0.490625 0.13333333333333333 0.0390625 0.030555555555555555
0 0.709375 0.05 0.040625 0.041666666666666664
0 0.565625 0.15555555555555556 0.040625 0.044444444444444446
0 0.55 0.13333333333333333 0.0375 0.030555555555555555
0 0.6140625 0.17777777777777778 0.046875 0.03888888888888889
0 0.0890625 0.20833333333333334 0.025 0.06111111111111111
3 0.2608333328125 0.6355555555555555 0.19083333281249998 0.7170370361111111 0.225 0.7762962972222222 0.2908333328125 0.685925925 0.2608333328125 0.6355555555555555