0 0.809375 0.4111111111111111 0.0921875 0.06944444444444445
0 0.66875 0.39166666666666666 0.1109375 0.08888888888888889
0 0.5359375 0.375 0.0953125 0.08055555555555556
0 0.409375 0.3638888888888889 0.0921875 0.08055555555555556
0 0.76875 0.7111111111111111 0.11875 0.08333333333333333
0 0.58125 0.6583333333333333 0.1015625 0.08888888888888889
0 0.3640625 0.5222222222222223 0.11875 0.08055555555555556
0 0.2921875 0.6833333333333333 0.0734375 0.06944444444444445
0 0.203125 0.6194444444444445 0.0921875 0.06944444444444445
0 0.0671875 0.525 0.090625 0.075
0 0.121875 0.4111111111111111 0.084375 0.06666666666666667
0 0.11875 0.3138888888888889 0.1125 0.08055555555555556
0 0.259375 0.3527777777777778 0.1203125 0.075
2 0.2671875 0.28055555555555556 0.0421875 0.03888888888888889
3 0.43125 0.6777777777777778 0.121875 0.10277777777777777