0 0.5578125 0.5861111111111111 0.0453125 0.1527777777777778
0 0.2640625 0.6916666666666667 0.090625 0.06944444444444445
0 0.109375 0.6972222222222222 0.1125 0.08055555555555556
0 0.5140625 0.9027777777777778 0.04375 0.16111111111111112
0 0.5765625 0.9027777777777778 0.046875 0.15555555555555556
0 0.8578125 0.7166666666666667 0.0875 0.075
0 0.7640625 0.6138888888888889 0.0796875 0.06666666666666667
0 0.4890625 0.36944444444444446 0.0453125 0.16944444444444445
0 0.5234375 0.13333333333333333 0.040625 0.14166666666666666
0 0.5828125 0.12777777777777777 0.0421875 0.16666666666666666
2 0.5859375 0.28055555555555556 0.0359375 0.03611111111111111