2 0.590625 0.575 0.0296875 0.025
2 0.4765625 0.35555555555555557 0.0203125 0.05
2 0.496875 0.3527777777777778 0.015625 0.04722222222222222
2 0.6046875 0.35 0.0140625 0.044444444444444446
3 0.615625 0.625 0.10625 0.075
0 0.8046875 0.6166666666666667 0.05625 0.05277777777777778
0 0.71875 0.6138888888888889 0.05625 0.044444444444444446
0 0.8 0.5305555555555556 0.05625 0.058333333333333334
0 0.884375 0.6055555555555555 0.05625 0.058333333333333334
0 0.721875 0.35 0.0640625 0.05
0 0.6453125 0.3527777777777778 0.0484375 0.044444444444444446
0 0.56875 0.5277777777777778 0.0640625 0.05
0 0.5234375 0.6305555555555555 0.059375 0.05
0 0.4859375 0.5277777777777778 0.0609375 0.05
0 0.4203125 0.6166666666666667 0.0671875 0.05277777777777778
0 0.409375 0.525 0.0515625 0.041666666666666664
0 0.33125 0.5388888888888889 0.0640625 0.05277777777777778
0 0.3390625 0.6166666666666667 0.05625 0.04722222222222222
0 0.234375 0.6166666666666667 0.06875 0.05555555555555555
0 0.2328125 0.525 0.0625 0.05
0 0.1546875 0.5361111111111111 0.0671875 0.04722222222222222
0 0.15 0.6055555555555555 0.0703125 0.05
0 0.4171875 0.34444444444444444 0.059375 0.04722222222222222
0 0.5578125 0.34444444444444444 0.053125 0.041666666666666664