2 0.1125 0.5944444444444444 0.0515625 0.075
2 0.35625 0.37222222222222223 0.046875 0.06666666666666667
2 0.4734375 0.35833333333333334 0.05 0.05
0 0.271875 0.5916666666666667 0.1171875 0.09444444444444444
0 0.4609375 0.5833333333333334 0.1140625 0.09722222222222222
0 0.5828125 0.5583333333333333 0.10625 0.08888888888888889
0 0.521875 0.7416666666666667 0.10625 0.10555555555555556
0 0.7375 0.5805555555555556 0.1125 0.09722222222222222
0 0.8984375 0.5611111111111111 0.13125 0.08333333333333333
0 0.846875 0.3888888888888889 0.1125 0.09444444444444444
0 0.9390625 0.26944444444444443 0.09375 0.08333333333333333