3 0.8125 0.14444444444444443 0.121875 0.10277777777777777
3 0.659375 0.15 0.121875 0.1111111111111111
3 0.515625 0.16944444444444445 0.1171875 0.10555555555555556
0 0.303125 0.18055555555555555 0.0875 0.075
0 0.2296875 0.3138888888888889 0.128125 0.08888888888888889
0 0.5125 0.33055555555555555 0.1046875 0.08055555555555556
0 0.4640625 0.4638888888888889 0.0875 0.06944444444444445
0 0.734375 0.4777777777777778 0.1046875 0.08055555555555556
0 0.934375 0.38055555555555554 0.1125 0.10555555555555556
0 0.7941666671875 0.9081481472222223 0.8474999999999999 0.8918518527777778 0.8150000000000001 0.6903703694444444 0.7691666671874999 0.6977777777777777 0.7716666671875 0.7303703694444444 0.7941666671875 0.9081481472222223
0 0.4841666671875 0.9377777777777778 0.4341666671875 0.7274074083333334 0.39416666718750004 0.7733333333333333 0.44333333281250004 0.9777777777777777 0.4841666671875 0.9377777777777778
0 0.5575 0.9259259249999999 0.5016666671875 0.72 0.4641666671875 0.76 0.5191666671874999 0.9644444444444444 0.5575 0.9259259249999999
0 0.6333333328124999 0.9199999999999999 0.5783333328125 0.7155555555555556 0.5391666671875 0.7481481472222222 0.5908333328125 0.9525925916666667 0.6333333328124999 0.9199999999999999
0 0.7 0.9051851861111111 0.6616666671875 0.6918518527777777 0.6158333328125 0.7185185194444444 0.6541666671875 0.9303703694444445 0.7 0.9051851861111111
0 0.7758333328125 0.9125925916666667 0.7408333328125 0.6918518527777777 0.6950000000000001 0.7170370361111111 0.7275 0.934814813888889 0.7758333328125 0.9125925916666667