1 0.6828125 0.39444444444444443 0.184375 0.09722222222222222
3 0.865625 0.48333333333333334 0.115625 0.08333333333333333
3 0.878125 0.5805555555555556 0.1234375 0.08333333333333333
3 0.225 0.6305555555555555 0.0859375 0.06666666666666667
3 0.1796875 0.5166666666666667 0.0890625 0.075
3 0.5015625 0.5027777777777778 0.0875 0.07222222222222222
0 0.7671875 0.5777777777777777 0.071875 0.06666666666666667
0 0.65625 0.5944444444444444 0.0890625 0.07777777777777778
0 0.5359375 0.6166666666666667 0.059375 0.05
0 0.409375 0.6027777777777777 0.065625 0.06111111111111111
0 0.328125 0.6333333333333333 0.06875 0.05555555555555555