2 0.4171875 0.3388888888888889 0.028125 0.03333333333333333
1 0.36 0.47851851944444446 0.1883333328125 0.5570370361111111 0.1983333328125 0.64 0.3741666671875 0.5674074083333334 0.36 0.47851851944444446
1 0.3641666671875 0.6325925916666666 0.2508333328125 0.8622222222222221 0.2925 0.9244444444444445 0.40416666718750005 0.6829629638888889 0.3641666671875 0.6325925916666666
0 0.10625 0.4666666666666667 0.0546875 0.05
0 0.4921875 0.4361111111111111 0.05625 0.044444444444444446
0 0.5265625 0.325 0.05625 0.04722222222222222
0 0.7828125 0.475 0.071875 0.058333333333333334
0 0.8234375 0.36666666666666664 0.0546875 0.041666666666666664
0 0.9453125 0.40555555555555556 0.0515625 0.044444444444444446
0 0.834375 0.425 0.059375 0.04722222222222222
0 0.671875 0.3194444444444444 0.071875 0.05
0 0.6953125 0.3972222222222222 0.06875 0.05277777777777778
0 0.32583039999999996 0.3714806027777777 0.27319012656249997 0.4047333416666667 0.271319659375 0.42230978888888887 0.2774654796875 0.4460617444444444 0.2868178125 0.4446366277777778 0.32689923906249996 0.42088467222222226 0.3327778484375 0.40425830277777774 0.32583039999999996 0.3714806027777777
0 0.8220445937499999 0.1603719611111111 0.7786333265625001 0.1351941111111111 0.77093629375 0.1412149 0.76847324375 0.1718661972222222 0.807882053125 0.19923342500000002 0.8180421375 0.19375998055555554 0.8220445937499999 0.1603719611111111
0 0.4135388765625 0.40915036666666665 0.364197990625 0.4379969388888889 0.36254225625 0.4550694 0.36784060625000004 0.47979503333333334 0.41784378593750005 0.45212587222222217 0.4211552546875 0.4432952888888889 0.4135388765625 0.40915036666666665