1 0.246875 0.12222222222222222 0.115625 0.07222222222222222
1 0.2550514953125 0.5723419722222223 0.3431164453125 0.7194911777777777 0.36833333281249997 0.68 0.27622558124999996 0.5321325944444445 0.2550514953125 0.5723419722222223
1 0.4489868765625 0.4269038027777778 0.527908471875 0.3054201555555556 0.5091666671875 0.26074074166666666 0.4282940203125 0.3849833888888889 0.4489868765625 0.4269038027777778
0 0.103125 0.3138888888888889 0.0515625 0.03888888888888889
0 0.0578125 0.35555555555555557 0.04375 0.03611111111111111
0 0.0328125 0.3 0.04375 0.03611111111111111
0 0.6234375 0.25277777777777777 0.03125 0.025
0 0.753125 0.24444444444444444 0.0484375 0.044444444444444446
0 0.8484375 0.17222222222222222 0.04375 0.03888888888888889
0 0.1633001921875 0.3671715194444444 0.118090003125 0.35092110555555556 0.11463129999999999 0.3781515277777778 0.1578650875 0.39747634444444446 0.1633001921875 0.3671715194444444
0 0.220121740625 0.3399410944444444 0.17244105 0.31227147222222223 0.16527659374999998 0.3408194972222222 0.2146866359375 0.36980672222222216 0.220121740625 0.3399410944444444
0 0.23123900156250002 0.4146051611111111 0.1922050671875 0.38517873333333336 0.1870170125 0.40889555555555557 0.2240745453125 0.43963958333333336 0.23123900156250002 0.4146051611111111
0 0.2149336875 0.4646740027777778 0.17762910468749998 0.4378827805555555 0.1712057984375 0.4598428 0.20875743125000001 0.48970842499999995 0.2149336875 0.4646740027777778
0 0.29398975625 0.4826812194444445 0.257920425 0.432612375 0.248532515625 0.45149799166666665 0.283366596875 0.503762838888889 0.29398975625 0.4826812194444445
0 0.3475996515625 0.5665684916666667 0.30980096874999996 0.5116684444444444 0.299177809375 0.5345068638888889 0.335000090625 0.5898461111111112 0.3475996515625 0.5665684916666667
0 0.30683636718749996 0.4818028194444445 0.3367294421875 0.5248444555555556 0.3468585015625 0.502445236111111 0.317212475 0.46159960000000005 0.30683636718749996 0.4818028194444445
0 0.4120797578125 0.6847133944444445 0.38119848125 0.6372797527777778 0.3693400703125 0.6579221722222222 0.3999742984375 0.7093086166666667 0.4120797578125 0.6847133944444445
0 0.41776191249999994 0.6552869694444444 0.45012549062499996 0.7066734138888889 0.46099569999999995 0.6816389916666666 0.43036147343750003 0.63420535 0.41776191249999994 0.6552869694444444
0 0.5370871671875 0.8213047138888888 0.499782584375 0.777384675 0.48792417343750005 0.8059327 0.5267110578125 0.850731138888889 0.5370871671875 0.8213047138888888
0 0.6317073984375 0.8401903305555556 0.6307191984375 0.8059327 0.5798268546875 0.8054935000000001 0.579579803125 0.8054935000000001 0.579085703125 0.8388727277777779 0.6317073984375 0.8401903305555556
3 0.9190267984375 0.39571954444444446 0.9333557109375 0.42470676944444447 0.9439788703125 0.4176795638888889 0.9765894984375001 0.37683392777777774 0.960778284375 0.3487251027777778 0.9190267984375 0.39571954444444446
0 0.8624523 0.4861948222222222 0.8318180734375 0.5287972583333332 0.8426882828125001 0.5511964777777778 0.874310709375 0.5046412388888889 0.8624523 0.4861948222222222
0 0.949413975 0.4962964305555556 0.980789353125 0.4541331944444445 0.97041324375 0.432173175 0.938296715625 0.47301881111111116 0.949413975 0.4962964305555556
3 0.6561653703125 0.07202886388888889 0.64060120625 0.15899053888888887 0.6613534249999999 0.1708489472222222 0.679141040625 0.07905606944444445 0.6561653703125 0.07202886388888889
0 0.9273074671874999 0.20625515277777778 0.9659803078125 0.18981452222222223 0.9584138828125001 0.15992247222222222 0.9222631828125 0.17486849722222222 0.9273074671874999 0.20625515277777778