1 0.2421875 0.6472222222222223 0.1703125 0.1
1 0.3984375 0.275 0.14375 0.1
1 0.13125 0.2722222222222222 0.1453125 0.09444444444444444
0 0.121875 0.3611111111111111 0.05625 0.044444444444444446
0 0.3796875 0.38055555555555554 0.046875 0.041666666666666664
0 0.4 0.5472222222222223 0.0484375 0.044444444444444446
0 0.55 0.5805555555555556 0.05 0.044444444444444446
0 0.571875 0.36666666666666664 0.0421875 0.04722222222222222
0 0.821875 0.35555555555555557 0.0484375 0.044444444444444446
2 0.9265625 0.525 0.0328125 0.030555555555555555
2 0.7234375 0.8333333333333334 0.0265625 0.025
2 0.7328125 0.8888888888888888 0.021875 0.025
2 0.7203125 0.7833333333333333 0.021875 0.027777777777777776
2 0.9078125 0.7583333333333333 0.0109375 0.05277777777777778
2 0.9203125 0.7611111111111111 0.0140625 0.05
2 0.9796875 0.75 0.0171875 0.041666666666666664