2 0.06875 0.41944444444444445 0.0453125 0.04722222222222222
0 0.0984375 0.6305555555555555 0.1 0.09166666666666666
0 0.1359375 0.49722222222222223 0.1140625 0.08611111111111111
0 0.2734375 0.4583333333333333 0.10625 0.08055555555555556
0 0.2578125 0.625 0.1140625 0.1
0 0.40625 0.6027777777777777 0.1 0.08055555555555556
0 0.4703125 0.4444444444444444 0.11875 0.09444444444444444
0 0.6671875 0.43333333333333335 0.103125 0.08333333333333333
0 0.721875 0.55 0.1140625 0.08055555555555556
0 0.8109375 0.42777777777777776 0.1 0.075
0 0.9234375 0.43333333333333335 0.096875 0.08333333333333333
0 0.90625 0.5555555555555556 0.09375 0.06944444444444445