3 0.66875 0.25833333333333336 0.0515625 0.03333333333333333
0 0.4296875 0.5833333333333334 0.0203125 0.075
0 0.0546875 0.3111111111111111 0.0453125 0.03611111111111111
0 0.3234375 0.17222222222222222 0.0328125 0.030555555555555555
0 0.6796875 0.20277777777777778 0.034375 0.030555555555555555
0 0.1646935546875 0.380488075 0.1207581453125 0.3635876444444444 0.11613336562500001 0.39419112777777776 0.157756384375 0.41109155833333333 0.1646935546875 0.380488075
0 0.148506825 0.3530819694444445 0.1885882515625 0.3727230111111111 0.1924422359375 0.3434898333333333 0.1521038765625 0.3261326361111111 0.148506825 0.3530819694444445
0 0.197067015625 0.4490033333333333 0.157756384375 0.4247946083333334 0.15004841875 0.4503736388888889 0.191157575 0.4741255972222222 0.197067015625 0.4490033333333333
0 0.26695257968749997 0.4668173027777778 0.22815581406250002 0.4330164416666667 0.22044784687500002 0.4549413222222222 0.256675290625 0.4891989527777778 0.26695257968749997 0.4668173027777778
0 0.27902839375 0.5540600666666666 0.24511334062499998 0.5106670666666667 0.23534991718749998 0.5303081083333333 0.266438715625 0.5778120222222222 0.27902839375 0.5540600666666666
0 0.2718342921875 0.5184321305555556 0.30215229374999997 0.5645657388888888 0.31140185468750003 0.5389867083333333 0.28236851406249996 0.49742078333333334 0.2718342921875 0.5184321305555556
3 0.279542259375 0.4133754 0.22610035625 0.363130875 0.214281475 0.3955614333333334 0.26849417343750004 0.4426085777777778 0.279542259375 0.4133754
0 0.35944818125 0.5983666000000001 0.3293871109375 0.5554303694444445 0.3188528890625 0.5778120222222222 0.348913959375 0.6216617888888889 0.35944818125 0.5983666000000001
0 0.5372452796875 0.7751359694444444 0.49639305624999996 0.7390512666666667 0.48740042812500006 0.7682844444444444 0.52979424375 0.8052826833333333 0.5372452796875 0.7751359694444444
0 0.601221403125 0.7975176222222221 0.55934145 0.7874687166666667 0.55600133125 0.8176154305555556 0.5994228765625 0.8313184833333334 0.601221403125 0.7975176222222221
0 0.7199240890625 0.7290023611111112 0.750499025 0.6846958277777778 0.7386801421875 0.6627709444444445 0.707077478125 0.7034233305555555 0.7199240890625 0.7290023611111112
3 0.540328465625 0.8527865972222222 0.49022668124999996 0.818985736111111 0.48149098593749995 0.8514162916666667 0.5344190249999999 0.891611911111111 0.540328465625 0.8527865972222222
3 0.6888352906249999 0.8016285361111112 0.6122694875 0.8377132388888889 0.621262115625 0.8902416055555556 0.6960293937500001 0.84913245 0.6888352906249999 0.8016285361111112
3 0.8352866578125001 0.5892312333333334 0.8507025921875 0.6198347138888889 0.8630353375 0.6193779472222222 0.909797003125 0.5517762222222222 0.8889854921874999 0.5134076777777777 0.8352866578125001 0.5892312333333334
0 0.8221831140625 0.5202592027777778 0.7923789765625 0.5654792750000001 0.8023993328125 0.589688 0.8352866578125001 0.5444679305555555 0.8221831140625 0.5202592027777778
0 0.9318931734375001 0.43073259722222224 0.964523565625 0.3909937472222222 0.9519338875000001 0.3708959388888889 0.9213589531249999 0.411548325 0.9318931734375001 0.43073259722222224
0 0.8871533015624999 0.22569260555555554 0.9270525296875001 0.20366070833333333 0.9185890562499999 0.17625517777777777 0.8792943624999999 0.19560025833333333 0.8871533015624999 0.22569260555555554
0 0.46866040781249996 0.3753564027777778 0.499329909375 0.3298450027777778 0.48622894062500005 0.3074826611111111 0.45630471562499997 0.34852159722222226 0.46866040781249996 0.3753564027777778