1 0.5515625 0.5916666666666667 0.2078125 0.12222222222222222
2 0.5515625 0.1361111111111111 0.03125 0.044444444444444446
0 0.34375 0.2111111111111111 0.0609375 0.058333333333333334
0 0.8625 0.5638888888888889 0.0765625 0.06111111111111111
0 0.7546875 0.6027777777777777 0.0765625 0.06111111111111111
0 0.6765625 0.475 0.0578125 0.06944444444444445
0 0.4859375 0.48055555555555557 0.0796875 0.06666666666666667
0 0.7375 0.20555555555555555 0.0640625 0.058333333333333334
0 0.7796875 0.28055555555555556 0.06875 0.06111111111111111
0 0.8296875 0.48333333333333334 0.0796875 0.06944444444444445
0 0.9453125 0.6361111111111111 0.0796875 0.06666666666666667
0 0.0453125 0.7 0.075 0.09722222222222222
1 0.3591666671875 0.5303703694444445 0.13333333281249998 0.6044444444444445 0.1458333328125 0.7333333333333333 0.3741666671875 0.645925925 0.3591666671875 0.5303703694444445
3 0.11416666718749999 0.594074075 0.2875 0.5333333333333333 0.2733333328125 0.4222222222222222 0.11000000000000001 0.48444444444444446 0.11416666718749999 0.594074075