2 0.7890625 0.9638888888888889 0.0375 0.030555555555555555
2 0.51875 0.9388888888888889 0.04375 0.03888888888888889
1 0.5984375 0.4361111111111111 0.2328125 0.10833333333333334
0 0.4671875 0.2916666666666667 0.0921875 0.08611111111111111
0 0.6078125 0.3055555555555556 0.0890625 0.08888888888888889
0 0.8984375 0.45 0.0890625 0.06944444444444445
0 0.8046875 0.6611111111111111 0.0796875 0.06388888888888888
0 0.4296875 0.6638888888888889 0.0953125 0.08055555555555556
0 0.5453125 0.6583333333333333 0.08125 0.07222222222222222
0 0.2609375 0.26944444444444443 0.0875 0.075
0 0.678125 0.8861111111111111 0.040625 0.1388888888888889
2 0.571875 0.9611111111111111 0.04375 0.03611111111111111