0 0.0546875 0.6111111111111112 0.0953125 0.07777777777777778
0 0.253125 0.4861111111111111 0.0890625 0.06666666666666667
0 0.2078125 0.6083333333333333 0.0875 0.075
0 0.334375 0.6083333333333333 0.0828125 0.06666666666666667
0 0.4390625 0.6027777777777777 0.0828125 0.06666666666666667
0 0.5484375 0.5916666666666667 0.0875 0.06388888888888888
0 0.578125 0.475 0.0734375 0.058333333333333334
0 0.49375 0.4777777777777778 0.0703125 0.07777777777777778
0 0.378125 0.48055555555555557 0.0625 0.07222222222222222
0 0.690625 0.6083333333333333 0.10625 0.06388888888888888
0 0.8078125 0.5805555555555556 0.1 0.06666666666666667
0 0.946875 0.5972222222222222 0.096875 0.05555555555555555
2 0.1640625 0.5 0.0390625 0.03611111111111111