3 0.72 0.5599999999999999 0.6741666671875 0.285925925 0.6125 0.3066666666666667 0.6658333328125 0.5881481472222222 0.72 0.5599999999999999
3 0.5783333328125 0.4237037027777778 0.61 0.634074075 0.6725 0.5911111111111111 0.635 0.40740740833333333 0.5783333328125 0.4237037027777778
3 0.5233333328125 0.43111111111111106 0.5483333328125 0.6385185194444445 0.5475 0.64 0.6108333328125 0.6222222222222222 0.5783333328125 0.4133333333333334 0.5233333328125 0.43111111111111106
3 0.47750000000000004 0.45481481388888884 0.4841666671875 0.6725925916666666 0.5375 0.6651851861111111 0.5225 0.45481481388888884 0.47750000000000004 0.45481481388888884
3 0.47083333281249995 0.6562962972222223 0.47000000000000003 0.49777777777777776 0.41916666718749995 0.5007407416666667 0.425 0.6696296305555556 0.47083333281249995 0.6562962972222223
3 0.36583333281249997 0.6903703694444444 0.37333333281250003 0.5051851861111112 0.3258333328125 0.5007407416666667 0.3166666671875 0.6844444444444444 0.36583333281249997 0.6903703694444444
0 0.46875 0.9611111111111111 0.0796875 0.06666666666666667
0 0.640625 0.8888888888888888 0.071875 0.075
0 0.340625 0.16666666666666666 0.065625 0.08888888888888889
0 0.3953125 0.09166666666666666 0.0515625 0.06944444444444445
0 0.828125 0.125 0.040625 0.11666666666666667
0 0.8734375 0.13055555555555556 0.0421875 0.11944444444444445
0 0.9234375 0.11388888888888889 0.0359375 0.13333333333333333
2 0.2859375 0.9666666666666667 0.04375 0.030555555555555555