1 0.5741087874999999 0.5431681 0.41431604375 0.5052296138888889 0.4085905703125 0.5949865222222221 0.5678628171875 0.6319996805555556 0.5741087874999999 0.5431681
3 0.605338640625 0.7550684333333333 0.634486503125 0.9281049499999999 0.675605809375 0.9105236999999999 0.644896453125 0.7337858666666667 0.605338640625 0.7550684333333333
3 0.68125 0.17222222222222222 0.03125 0.13055555555555556
2 0.66875 0.31666666666666665 0.0171875 0.041666666666666664
0 0.3296875 0.5527777777777778 0.046875 0.04722222222222222
0 0.35 0.6305555555555555 0.0546875 0.044444444444444446
0 0.225 0.6055555555555555 0.059375 0.044444444444444446
0 0.225 0.5361111111111111 0.053125 0.044444444444444446
0 0.7390625 0.1 0.028125 0.07222222222222222
0 0.890625 0.7277777777777777 0.0609375 0.07222222222222222
0 0.7328125 0.9444444444444444 0.03125 0.1
0 0.69375 0.9333333333333333 0.0296875 0.1111111111111111