2 0.428125 0.4861111111111111 0.0171875 0.041666666666666664
2 0.0171875 0.44722222222222224 0.0234375 0.03611111111111111
0 0.3953125 0.4083333333333333 0.03125 0.07222222222222222
0 0.3828125 0.6 0.0296875 0.08888888888888889
0 0.371875 0.7916666666666666 0.0359375 0.11388888888888889
0 0.31875 0.8833333333333333 0.0359375 0.11388888888888889
0 0.1453125 0.46111111111111114 0.0546875 0.044444444444444446
0 0.0703125 0.45555555555555555 0.05625 0.05
0 0.2203125 0.4638888888888889 0.046875 0.044444444444444446
0 0.5984375 0.5277777777777778 0.0546875 0.03888888888888889
0 0.4140625 0.2833333333333333 0.021875 0.05