3 0.7671875 0.4444444444444444 0.0953125 0.075
3 0.584375 0.44166666666666665 0.071875 0.06944444444444445
0 0.65 0.4888888888888889 0.0515625 0.05
0 0.6984375 0.5361111111111111 0.0640625 0.04722222222222222
0 0.646875 0.5916666666666667 0.0625 0.03888888888888889
0 0.5796875 0.5277777777777778 0.0640625 0.04722222222222222
0 0.1140625 0.23055555555555557 0.0265625 0.05277777777777778
0 0.63125 0.7388888888888889 0.0375 0.11666666666666667
0 0.678125 0.7361111111111112 0.034375 0.11944444444444445
0 0.7265625 0.7361111111111112 0.040625 0.125
0 0.778125 0.7555555555555555 0.0453125 0.1361111111111111
0 0.834375 0.75 0.0359375 0.11388888888888889
0 0.8765625 0.7555555555555555 0.0453125 0.11388888888888889
1 0.49583333281249997 0.5585185194444444 0.495 0.5125925916666667 0.4733333328125 0.4725925916666667 0.32999999999999996 0.6148148138888889 0.32999999999999996 0.6829629638888889 0.35583333281249996 0.7125925916666668 0.49583333281249997 0.5585185194444444
3 0.2546875 0.5055555555555555 0.071875 0.07222222222222222