1 0.3765625 0.6944444444444444 0.159375 0.08888888888888889
1 0.2328125 0.32222222222222224 0.15 0.075
3 0.3515625 0.3888888888888889 0.08125 0.06111111111111111
0 0.5671875 0.2388888888888889 0.0484375 0.044444444444444446
0 0.596875 0.3611111111111111 0.046875 0.05555555555555555
0 0.525 0.44722222222222224 0.04375 0.041666666666666664
0 0.4953125 0.3861111111111111 0.046875 0.044444444444444446
0 0.4296875 0.45 0.0484375 0.041666666666666664
0 0.7390625 0.5111111111111111 0.0234375 0.08888888888888889
0 0.7875 0.42777777777777776 0.0265625 0.08333333333333333
0 0.9234375 0.08611111111111111 0.0453125 0.044444444444444446
0 0.040625 0.6333333333333333 0.0484375 0.03888888888888889
0 0.0515625 0.45555555555555555 0.0515625 0.025
0 0.103125 0.4027777777777778 0.0578125 0.03888888888888889
0 0.134375 0.4527777777777778 0.053125 0.03333333333333333
0 0.2734375 0.4527777777777778 0.0453125 0.03333333333333333
0 0.259375 0.39166666666666666 0.0515625 0.03611111111111111
0 0.86236208125 0.19895880277777778 0.8219392937500001 0.2387505638888889 0.8306251828125 0.2696337222222222 0.8717161140625 0.23162368333333333 0.86236208125 0.19895880277777778
0 0.8630302265625 0.17520252777777778 0.90178265 0.14847671944444446 0.8914263984374999 0.11937528333333333 0.8540102656249999 0.1455071861111111 0.8630302265625 0.17520252777777778
0 0.9321832578125001 0.15976095 0.8951011984375 0.18292331944444445 0.9024507953124999 0.21202475555555556 0.9391987828125 0.1876745722222222 0.9321832578125001 0.15976095
0 0.6766177046874999 0.295765625 0.6368630640624999 0.3218975277777778 0.6442126609375001 0.3557502194444444 0.6856376656250001 0.32724268888888886 0.6766177046874999 0.295765625