0 0.3328125 0.30833333333333335 0.1453125 0.10555555555555556
0 0.53125 0.30833333333333335 0.1296875 0.10555555555555556
0 0.7453125 0.3277777777777778 0.109375 0.09444444444444444
0 0.8609375 0.6666666666666666 0.1359375 0.1111111111111111
0 0.865625 0.30833333333333335 0.1171875 0.09444444444444444
0 0.596875 0.6777777777777778 0.115625 0.10277777777777777
0 0.4234375 0.6638888888888889 0.10625 0.09444444444444444
0 0.0828125 0.6861111111111111 0.146875 0.08888888888888889
3 0.0953125 0.3861111111111111 0.1828125 0.18611111111111112
2 0.209375 0.2916666666666667 0.0546875 0.041666666666666664
2 0.1453125 0.2833333333333333 0.0515625 0.041666666666666664
2 0.378125 0.7527777777777778 0.05625 0.044444444444444446
2 0.7453125 0.6722222222222223 0.053125 0.05277777777777778