2 0.5609375 0.38055555555555554 0.0234375 0.03333333333333333
3 0.7546875 0.25833333333333336 0.078125 0.08055555555555556
0 0.965625 0.25277777777777777 0.05 0.044444444444444446
0 0.471875 0.20833333333333334 0.021875 0.05555555555555555
0 0 0.8864444444444445 0.0072499999999999995 0.8899999999999999 0.013375000000000001 0.888 0.0155 0.8855555555555555 0.017875 0.8791111111111112 0.023625 0.8746666666666667 0.046875 0.8622222222222221 0.055874999999999994 0.8657777777777778 0.062375 0.8617777777777778 0.06825 0.8508888888888889 0.071 0.8428888888888889 0.072 0.8357777777777777 0.072 0.8224444444444444 0.0705 0.8144444444444444 0.067125 0.8088888888888889 0.062625 0.8066666666666666 0.044375 0.8115555555555556 0.034875 0.8115555555555556 0.010125 0.8226666666666668 0.000125 0.8293333333333334 0 0.8864444444444445
0 0.30134764999999997 0.7092591222222222 0.2412567015625 0.7430655611111111 0.25000411875 0.7958036083333334 0.31161635625 0.7498268499999999 0.30134764999999997 0.7092591222222222
0 0.4356014765625 0.5821469055555556 0.3800743984375 0.6348849527777778 0.3971889078125 0.6768049388888889 0.4519553421875 0.616629475 0.4356014765625 0.5821469055555556
0 0.477056625 0.6159533444444444 0.41468374218750004 0.6795094527777777 0.43293921874999997 0.7200771805555555 0.497974359375 0.6531404305555555 0.477056625 0.6159533444444444
0 0.3595369859375 0.780928775 0.3496486015625 0.7444178194444444 0.2956428125 0.7782242583333333 0.303629584375 0.8255532750000001 0.3595369859375 0.780928775
0 0.6413559249999999 0.4361030805555555 0.6755849453125 0.38404116388888887 0.6580901124999999 0.35361536666666665 0.6215791562499999 0.40770567222222226 0.6413559249999999 0.4361030805555555
0 0.7299710562499999 0.30899086666666664 0.688515909375 0.3427973055555556 0.702587840625 0.3793082611111111 0.7459446 0.34009279166666667 0.7299710562499999 0.30899086666666664