1 0.4375 0.37777777777777777 0.196875 0.1
0 0.8359375 0.4444444444444444 0.0765625 0.05555555555555555
0 0.7609375 0.7111111111111111 0.040625 0.125
0 0.6375 0.44166666666666665 0.0703125 0.05
0 0.75 0.18611111111111112 0.034375 0.1
0 0.83125 0.06944444444444445 0.040625 0.125
3 0.203125 0.45 0.10625 0.1
0 0.4140625 0.6527777777777778 0.084375 0.06111111111111111
0 0.3171875 0.6555555555555556 0.078125 0.07222222222222222
0 0.2203125 0.6555555555555556 0.06875 0.06388888888888888
0 0.0984375 0.6555555555555556 0.0859375 0.08888888888888889
0 0.75625 0.8722222222222222 0.034375 0.1361111111111111
2 0.5046875 0.6666666666666666 0.01875 0.06944444444444445
2 0.5546875 0.2722222222222222 0.034375 0.041666666666666664