2 0.1296875 0.7722222222222223 0.0265625 0.06111111111111111
2 0.14375 0.7222222222222222 0.0421875 0.03333333333333333
2 0.175 0.6444444444444445 0.04375 0.03611111111111111
2 0.328125 0.7 0.0359375 0.05277777777777778
2 0.4109375 0.7694444444444445 0.0375 0.044444444444444446
0 0.25 0.6888888888888889 0.0859375 0.06944444444444445
0 0.6125 0.5888888888888889 0.071875 0.06944444444444445
0 0.778125 0.6638888888888889 0.0828125 0.075
0 0.5609375 0.7583333333333333 0.08125 0.06944444444444445
0 0.478125 0.7555555555555555 0.075 0.06388888888888888
0 0.06875 0.7722222222222223 0.0953125 0.07777777777777778