0 0.334375 0.44722222222222224 0.071875 0.08333333333333333
0 0.3234375 0.5611111111111111 0.071875 0.07777777777777778
0 0.43125 0.5888888888888889 0.0890625 0.09166666666666666
0 0.571875 0.6277777777777778 0.090625 0.07222222222222222
0 0.6796875 0.6055555555555555 0.0921875 0.06944444444444445
0 0.7609375 0.5138888888888888 0.090625 0.06944444444444445
0 0.809375 0.4222222222222222 0.1140625 0.07777777777777778
0 0.9203125 0.25277777777777777 0.05 0.16111111111111112
0 0.95625 0.4 0.0875 0.07222222222222222
0 0.896875 0.5055555555555555 0.0953125 0.06944444444444445
0 0.9328125 0.6055555555555555 0.115625 0.06388888888888888
0 0.80625 0.6194444444444445 0.096875 0.06666666666666667
1 0.5734375 0.425 0.284375 0.13333333333333333