3 0.203125 0.8305555555555556 0.1625 0.11388888888888889
2 0.684375 0.13055555555555556 0.0328125 0.03611111111111111
2 0.746875 0.075 0.0203125 0.06944444444444445
2 0.7734375 0.07222222222222222 0.01875 0.06666666666666667
0 0.45625 0.3888888888888889 0.096875 0.09166666666666666
0 0.38125 0.8305555555555556 0.0984375 0.09722222222222222
0 0.509375 0.825 0.128125 0.09444444444444444
0 0.6546875 0.8166666666666667 0.128125 0.11666666666666667
0 0.7921875 0.7333333333333333 0.1046875 0.08888888888888889
0 0.8984375 0.8166666666666667 0.0953125 0.08888888888888889
0 0.8625 0.375 0.0921875 0.10277777777777777
0 0.7515625 0.38333333333333336 0.1046875 0.10833333333333334
0 0.640625 0.3888888888888889 0.0921875 0.08611111111111111