0 0.70625 0.4722222222222222 0.0234375 0.09722222222222222
0 0.6375 0.4583333333333333 0.025 0.09722222222222222
0 0.5828125 0.4444444444444444 0.025 0.09166666666666666
0 0.553125 0.45 0.0203125 0.09166666666666666
0 0.5234375 0.45 0.021875 0.10277777777777777
0 0.4890625 0.44166666666666665 0.025 0.10555555555555556
0 0.40625 0.6611111111111111 0.025 0.10833333333333334
0 0.365625 0.6611111111111111 0.021875 0.09722222222222222
0 0.3109375 0.6472222222222223 0.021875 0.08333333333333333
0 0.2859375 0.6388888888888888 0.0265625 0.09444444444444444
0 0.1671875 0.625 0.028125 0.09166666666666666
0 0.1359375 0.6194444444444445 0.0234375 0.08333333333333333
0 0.10625 0.6055555555555555 0.025 0.09722222222222222
0 0.08125 0.6222222222222222 0.028125 0.07777777777777778
0 0.33125 0.41388888888888886 0.025 0.09166666666666666
0 0.2234375 0.4027777777777778 0.0234375 0.08611111111111111
0 0.19375 0.39166666666666666 0.0203125 0.09166666666666666
0 0.1625 0.3861111111111111 0.025 0.09444444444444444
0 0.1109375 0.38055555555555554 0.028125 0.09166666666666666
0 0.3171875 0.23055555555555557 0.0328125 0.08888888888888889
0 0.2859375 0.23333333333333334 0.0328125 0.075
0 0.25625 0.225 0.0328125 0.075
0 0.221875 0.225 0.03125 0.08055555555555556
0 0.1296875 0.20277777777777778 0.0328125 0.08611111111111111
0 0.096875 0.19722222222222222 0.0359375 0.08055555555555556
0 0.0640625 0.19444444444444445 0.03125 0.07777777777777778
0 0.0359375 0.18888888888888888 0.0375 0.07222222222222222
0 0.3625 0.022222222222222223 0.0421875 0.041666666666666664