2 0.3890625 0.4111111111111111 0.0125 0.06666666666666667
2 0.4171875 0.4027777777777778 0.0109375 0.06111111111111111
2 0.43125 0.4083333333333333 0.0125 0.058333333333333334
2 0.446875 0.4111111111111111 0.009375 0.05555555555555555
2 0.4609375 0.4083333333333333 0.0125 0.05277777777777778
2 0.4921875 0.40555555555555556 0.0125 0.06388888888888888
2 0.509375 0.4 0.0125 0.06388888888888888
2 0.5234375 0.4027777777777778 0.0109375 0.06111111111111111
2 0.55 0.40555555555555556 0.0171875 0.06111111111111111
2 0.5734375 0.4083333333333333 0.015625 0.058333333333333334
2 0.590625 0.4 0.0140625 0.058333333333333334
2 0.60625 0.40555555555555556 0.0125 0.05555555555555555
2 0.6203125 0.40555555555555556 0.0125 0.06111111111111111
2 0.634375 0.4027777777777778 0.0125 0.058333333333333334
2 0.6453125 0.4 0.0109375 0.058333333333333334
2 0.6578125 0.4027777777777778 0.0109375 0.06111111111111111
2 0.671875 0.40555555555555556 0.0125 0.06111111111111111
2 0.6859375 0.40555555555555556 0.0140625 0.06111111111111111
2 0.70625 0.40555555555555556 0.0125 0.06388888888888888
2 0.71875 0.4027777777777778 0.0125 0.06111111111111111
2 0.73125 0.4 0.0125 0.06111111111111111
2 0.74375 0.4 0.009375 0.058333333333333334
2 0.7578125 0.3972222222222222 0.0125 0.06944444444444445