0 0.0328125 0.4083333333333333 0.0578125 0.08611111111111111
0 0.2 0.4027777777777778 0.084375 0.06666666666666667
0 0.2921875 0.40555555555555556 0.0765625 0.06666666666666667
0 0.471875 0.4027777777777778 0.059375 0.058333333333333334
0 0.546875 0.4 0.0609375 0.058333333333333334
0 0.7234375 0.39444444444444443 0.065625 0.06388888888888888
0 0.825 0.39444444444444443 0.075 0.058333333333333334
0 0.9328125 0.39166666666666666 0.0921875 0.07222222222222222
0 0.8953125 0.5861111111111111 0.071875 0.075
0 0.4484375 0.5888888888888889 0.0703125 0.06388888888888888
2 0.46875 0.9 0.028125 0.06388888888888888
2 0.3703125 0.39444444444444443 0.0421875 0.044444444444444446
2 0.4078125 0.4083333333333333 0.0375 0.05
2 0.778125 0.5527777777777778 0.05 0.03888888888888889
2 0.7859375 0.6305555555555555 0.040625 0.041666666666666664