2 0.6713433625 0.7092319111111111 0.6973378359375 0.6530710138888889 0.683257496875 0.6373459611111111 0.66069285 0.6967160555555556 0.6713433625 0.7092319111111111
2 0.6578125 0.6694444444444444 0.0125 0.06111111111111111
2 0.6421875 0.6666666666666666 0.015625 0.06666666666666667
2 0.625 0.6722222222222223 0.0171875 0.06388888888888888
2 0.6078125 0.6777777777777778 0.0171875 0.06666666666666667
0 0.78125 0.49722222222222223 0.0859375 0.07222222222222222
0 0.35 0.525 0.09375 0.07777777777777778
0 0.6328125 0.49722222222222223 0.0953125 0.06944444444444445
0 0.7390625 0.6027777777777777 0.0796875 0.07222222222222222
0 0.4203125 0.6194444444444445 0.1 0.07222222222222222
0 0.5125 0.6916666666666667 0.1015625 0.05555555555555555
0 0.3515625 0.7027777777777777 0.0859375 0.06944444444444445
0 0.175 0.6555555555555556 0.0734375 0.07222222222222222
0 0.0453125 0.6694444444444444 0.084375 0.08055555555555556