1 0.4890625 0.5111111111111111 0.125 0.075
2 0.8078125 0.6305555555555555 0.025 0.027777777777777776
0 0.5390625 0.6 0.040625 0.03888888888888889
0 0.421875 0.5861111111111111 0.04375 0.04722222222222222
0 0.321875 0.44166666666666665 0.046875 0.044444444444444446
0 0.4875 0.4527777777777778 0.0515625 0.03888888888888889
0 0.746875 0.5361111111111111 0.0484375 0.03888888888888889
0 0.215625 0.44166666666666665 0.0453125 0.044444444444444446
0 0.0796875 0.5805555555555556 0.046875 0.044444444444444446
0 0.06875 0.4361111111111111 0.05 0.041666666666666664
2 0.0875 0.2972222222222222 0.0078125 0.03611111111111111