0 0.475 0.475 0.053125 0.04722222222222222
0 0.4828125 0.38333333333333336 0.059375 0.044444444444444446
0 0.6734375 0.4722222222222222 0.0375 0.027777777777777776
0 0.7578125 0.39166666666666666 0.0453125 0.04722222222222222
0 0.7734375 0.4777777777777778 0.0515625 0.03888888888888889
0 0.371875 0.8277777777777777 0.0375 0.1111111111111111
0 0.328125 0.8388888888888889 0.0296875 0.08888888888888889
0 0.2984375 0.8972222222222223 0.0296875 0.08333333333333333
0 0.259375 0.9055555555555556 0.034375 0.11944444444444445
0 0.2203125 0.9305555555555556 0.0328125 0.10555555555555556
0 0.640625 0.24722222222222223 0.046875 0.044444444444444446
0 0.8015625 0.24444444444444444 0.04375 0.04722222222222222
2 0.721875 0.2388888888888889 0.028125 0.025
3 0.5375 0.23333333333333334 0.0875 0.09166666666666666
1 0.9421875 0.4666666666666667 0.115625 0.08333333333333333