3 0.2328125 0.4444444444444444 0.0953125 0.075
3 0.415625 0.44166666666666665 0.071875 0.06944444444444445
0 0.35 0.4888888888888889 0.0515625 0.05
0 0.3015625 0.5361111111111111 0.0640625 0.04722222222222222
0 0.353125 0.5916666666666667 0.0625 0.03888888888888889
0 0.4203125 0.5277777777777778 0.0640625 0.04722222222222222
0 0.8859375 0.23055555555555557 0.0265625 0.05277777777777778
0 0.36875 0.7388888888888889 0.0375 0.11666666666666667
0 0.321875 0.7361111111111112 0.034375 0.11944444444444445
0 0.2734375 0.7361111111111112 0.040625 0.125
0 0.221875 0.7555555555555555 0.0453125 0.1361111111111111
0 0.165625 0.75 0.0359375 0.11388888888888889
0 0.1234375 0.7555555555555555 0.0453125 0.11388888888888889
1 0.67 0.6148148138888889 0.5266666671875 0.4725925916666667 0.505 0.5125925916666667 0.5041666671875 0.5585185194444444 0.6441666671874999 0.7125925916666668 0.67 0.6829629638888889 0.67 0.6148148138888889
3 0.7453125 0.5055555555555555 0.071875 0.07222222222222222