0 0.1125 0.5416666666666666 0.103125 0.06944444444444445
0 0.23125 0.5472222222222223 0.0875 0.075
0 0.3421875 0.5388888888888889 0.0953125 0.07222222222222222
0 0.2046875 0.4305555555555556 0.09375 0.07222222222222222
0 0.3328125 0.425 0.0859375 0.07777777777777778
0 0.475 0.525 0.08125 0.075
0 0.6484375 0.5277777777777778 0.0953125 0.07777777777777778
0 0.815625 0.5111111111111111 0.125 0.08333333333333333
0 0.8703125 0.40555555555555556 0.1 0.08055555555555556
0 0.74375 0.4083333333333333 0.09375 0.08055555555555556
0 0.6390625 0.4111111111111111 0.0875 0.075
0 0.528125 0.4111111111111111 0.084375 0.07777777777777778
2 0.44749999999999995 0.4444444444444444 0.48 0.3851851861111111 0.46749999999999997 0.3644444444444444 0.43583333281250003 0.4237037027777778 0.44749999999999995 0.4444444444444444