0 0.615625 0.06944444444444445 0.046875 0.04722222222222222
0 0.175 0.10833333333333334 0.053125 0.04722222222222222
0 0.4953125 0.05555555555555555 0.05 0.05
0 0.8828125 0.31666666666666665 0.05 0.05
2 0.5734375 0.6166666666666667 0.025 0.03888888888888889
2 0.9859375 0.25277777777777777 0.028125 0.030555555555555555
2 0.2828125 0.1388888888888889 0.025 0.022222222222222223
1 0.4425 0.3318518527777778 0.4575 0.6162962972222222 0.5058333328125 0.6014814805555555 0.4883333328125 0.32 0.4425 0.3318518527777778
1 0.1575 0.7792592583333334 0.0125 0.6311111111111111 0 0.7229629638888888 0.1275 0.8577777777777779 0.1575 0.7792592583333334
3 0.0671875 0.041666666666666664 0.08125 0.07222222222222222
0 0.3873823125 0.7569795861111112 0.3288699203125 0.7958311861111111 0.33944445 0.8396958972222223 0.39302206093750003 0.7983377416666667 0.3873823125 0.7569795861111112
0 0.4642238859375 0.7569795861111112 0.4120562125 0.8121237944444445 0.425450615625 0.85348195 0.474093446875 0.7983377416666667 0.4642238859375 0.7569795861111112
0 0.58265860625 0.5577084694444444 0.6249567203125 0.4912847638888889 0.60592256875 0.46872576944444444 0.569264203125 0.5301363638888889 0.58265860625 0.5577084694444444
0 0.6475157140625 0.4887782083333333 0.60874244375 0.5489355277777778 0.6249567203125 0.5752543527777778 0.6609101171875 0.5163503138888889 0.6475157140625 0.4887782083333333
0 0.6862889859375 0.48000526666666665 0.7243572890625 0.43238072222222224 0.73070200625 0.41984795 0.7271771625000001 0.4010487861111111 0.7137827609375 0.39478240000000003 0.6721896140625 0.4511798861111111 0.6862889859375 0.48000526666666665
0 0.6559753374999999 0.44491349722222223 0.694748609375 0.38726273333333333 0.67994426875 0.35969063055555556 0.6404660296875 0.40856845277777776 0.6369411859375 0.42360778055555554 0.6559753374999999 0.44491349722222223
0 0.614187234375 0.4259642416666667 0.651350440625 0.37032809722222226 0.6454825671875 0.3485952277777778 0.6374142390624999 0.3399020777777778 0.595850125 0.39727685555555553 0.60147350625 0.42466026944444446 0.614187234375 0.4259642416666667
0 0.7442584578125 0.33903276388888887 0.7484148703125 0.32686235555555554 0.7383905828125 0.29947894166666666 0.6968264703125 0.33599016111111113 0.6951150078125 0.3464219388888889 0.70220535625 0.3698934388888889 0.7112516624999999 0.37163206666666665 0.7442584578125 0.33903276388888887
0 0.67115451875 0.3425100222222222 0.7078287359375001 0.30904140277777775 0.697070965625 0.2742688138888889 0.659907759375 0.3116493472222222 0.67115451875 0.3425100222222222
1 0.8080715968750001 0.31643058055555556 0.7427914890625 0.3642428916666667 0.753304765625 0.40162342777777776 0.81638441875 0.3551150888888889 0.8080715968750001 0.31643058055555556
0 0.9107594046875 0.2742688138888889 0.9650372468749999 0.2612290916666667 0.961369825 0.22037129722222223 0.90660299375 0.2342803333333333 0.9107594046875 0.2742688138888889
0 0.92005020625 0.22037129722222223 0.9735945640624999 0.2060276027777778 0.9706606265625 0.16864706666666668 0.9156492999999999 0.1816867888888889 0.92005020625 0.22037129722222223
0 0.8220077984374999 0.295567025 0.8740851875000001 0.2777460722222222 0.8699287765625 0.23862690833333333 0.8183403765625 0.2551438888888889 0.8220077984374999 0.295567025
0 0.7612109 0.32541139444444445 0.81362801875 0.29878682777777776 0.800315734375 0.2647665444444444 0.7545547578125 0.2913911138888889 0.7612109 0.32541139444444445
0 0.762874934375 0.26920397222222225 0.82444425 0.238141975 0.81362801875 0.20116340833333332 0.7545547578125 0.23222540555555554 0.762874934375 0.26920397222222225
0 0.71295386875 0.2928702555555555 0.7487306328125001 0.25737083055555554 0.7379144015625 0.22778797777777776 0.7013056203125 0.25737083055555554 0.71295386875 0.2928702555555555