2 0.5890625 0.8333333333333334 0.0203125 0.05555555555555555
2 0.628125 0.3527777777777778 0.0171875 0.03888888888888889
2 0.534375 0.10277777777777777 0.0140625 0.030555555555555555
1 0.5484375 0.24722222222222223 0.046875 0.21666666666666667
0 0.6203125 0.5944444444444444 0.03125 0.09166666666666666
0 0.603125 0.4583333333333333 0.025 0.07222222222222222
0 0.5625 0.4111111111111111 0.028125 0.07222222222222222
0 0.5875 0.28888888888888886 0.0265625 0.07222222222222222
0 0.5625 0.05555555555555555 0.021875 0.06111111111111111
0 0.5703125 0.14166666666666666 0.021875 0.06388888888888888
0 0.6453125 0.4861111111111111 0.03125 0.08333333333333333
0 0.6734375 0.725 0.0359375 0.10555555555555556
0 0.6515625 0.8944444444444445 0.0375 0.11666666666666667
0 0.5390625 0.6638888888888889 0.028125 0.09722222222222222