1 0.378125 0.2916666666666667 0.2171875 0.11388888888888889
3 0.221875 0.7944444444444444 0.078125 0.2861111111111111
0 0.91875 0.3861111111111111 0.0890625 0.06388888888888888
0 0.7640625 0.33055555555555555 0.0734375 0.06111111111111111
0 0.746875 0.41388888888888886 0.0734375 0.06111111111111111
0 0.6109375 0.5416666666666666 0.08125 0.06388888888888888
0 0.5046875 0.5083333333333333 0.078125 0.05555555555555555
0 0.5921875 0.3888888888888889 0.065625 0.06111111111111111
0 0.4984375 0.375 0.0671875 0.058333333333333334
0 0.415625 0.4 0.0765625 0.06111111111111111
0 0.3984375 0.49722222222222223 0.0734375 0.07222222222222222
0 0.334375 0.39166666666666666 0.0734375 0.06111111111111111
0 0.2421875 0.38333333333333336 0.0765625 0.06111111111111111
0 0.08125 0.4305555555555556 0.084375 0.058333333333333334
0 0.2578125 0.11944444444444445 0.0484375 0.12222222222222222
2 0.115625 0.3472222222222222 0.040625 0.041666666666666664
2 0.1515625 0.9527777777777777 0.0390625 0.04722222222222222