2 0.95 0.22777777777777777 0.0234375 0.06111111111111111
2 0.98125 0.25833333333333336 0.028125 0.06944444444444445
0 0.8359375 0.3861111111111111 0.0515625 0.1
0 0.4875 0.7555555555555555 0.065625 0.06111111111111111
0 0.459375 0.09166666666666666 0.03125 0.08055555555555556
0 0.7875 0.2361111111111111 0.04375 0.08611111111111111
0 0.734375 0.05 0.0453125 0.09166666666666666
1 0.7825 0.3822222222222222 0.7424999999999999 0.39555555555555555 0.7216666671875 0.4429629638888889 0.8266666671875 0.765925925 0.8708333328125001 0.7496296305555555 0.8941666671874999 0.6962962972222222 0.7825 0.3822222222222222
0 0.4375 0.5881481472222222 0.4608333328125 0.47851851944444446 0.43333333281249997 0.4577777777777778 0.4066666671875 0.5688888888888889 0.4375 0.5881481472222222
0 0.3783333328125 0.45925925833333336 0.40750000000000003 0.3585185194444444 0.38166666718750003 0.3318518527777778 0.3491666671875 0.4355555555555556 0.3783333328125 0.45925925833333336
0 0.2491666671875 0.7866666666666666 0.3283333328125 0.7525925916666667 0.31916666718750003 0.6844444444444444 0.2391666671875 0.7288888888888888 0.2491666671875 0.7866666666666666
0 0.005 0.9096296305555555 0.08499999999999999 0.8681481472222223 0.0783333328125 0.8088888888888889 0.0008333328124999999 0.8488888888888889 0.005 0.9096296305555555