1 0.217625 0.48177777777777775 0.2285 0.48466666666666663 0.23912499999999998 0.48355555555555557 0.24100000000000002 0.48066666666666663 0.244 0.4708888888888889 0.24700000000000003 0.4673333333333334 0.2485 0.45888888888888885 0.25525000000000003 0.43977777777777777 0.25775000000000003 0.42866666666666664 0.26575000000000004 0.4126666666666667 0.268 0.3962222222222222 0.27075 0.3913333333333333 0.28250000000000003 0.34911111111111115 0.29925 0.2997777777777778 0.30474999999999997 0.2793333333333333 0.3095 0.2691111111111111 0.31225 0.258 0.3125 0.25177777777777777 0.3105 0.23444444444444446 0.3105 0.22555555555555556 0.312 0.2157777777777778 0.309625 0.21066666666666667 0.301625 0.21244444444444446 0.293875 0.2062222222222222 0.284625 0.20355555555555555 0.274375 0.19777777777777777 0.270375 0.20133333333333334 0.2665 0.2082222222222222 0.25575000000000003 0.24244444444444443 0.23500000000000001 0.2997777777777778 0.23125 0.314 0.20975000000000002 0.3731111111111111 0.20775000000000002 0.3824444444444445 0.2015 0.39444444444444443 0.1965 0.4117777777777778 0.19424999999999998 0.4157777777777778 0.19175 0.43133333333333335 0.1925 0.43977777777777777 0.196 0.45311111111111113 0.20099999999999998 0.4664444444444444 0.20612499999999997 0.4742222222222222 0.211625 0.4782222222222222 0.217625 0.48177777777777775
0 0.4671875 0.6055555555555555 0.078125 0.07777777777777778
0 0.5359375 0.675 0.0625 0.058333333333333334
0 0.7234375 0.6777777777777778 0.078125 0.06666666666666667
0 0.8609375 0.6694444444444444 0.06875 0.06944444444444445
0 0.615625 0.575 0.071875 0.06944444444444445
0 0.5015625 0.3861111111111111 0.0328125 0.10277777777777777
0 0.4984375 0.2916666666666667 0.03125 0.08333333333333333
0 0.55625 0.15 0.03125 0.1
0 0.496875 0.18055555555555555 0.025 0.08888888888888889
0 0.484375 0.075 0.0328125 0.08611111111111111
2 0.0375 0.24722222222222223 0.021875 0.04722222222222222
2 0.059375 0.2222222222222222 0.021875 0.05277777777777778
0 0.6616666671875 0.4651851861111111 0.6258333328125001 0.365925925 0.5966666671875 0.3881481472222222 0.6308333328125 0.4888888888888889 0.6616666671875 0.4651851861111111
0 0.2558333328125 0.7540740749999999 0.18 0.8266666666666668 0.1966666671875 0.8844444444444444 0.2733333328125 0.8088888888888889 0.2558333328125 0.7540740749999999