0 0.4375 0.8166666666666667 0.0265625 0.1
0 0.490625 0.8277777777777777 0.03125 0.11388888888888889
2 0.54375 0.7611111111111111 0.028125 0.030555555555555555
2 0.5453125 0.7388888888888889 0.03125 0.019444444444444445
2 0.54375 0.6194444444444445 0.0234375 0.025
2 0.5390625 0.3472222222222222 0.0203125 0.019444444444444445
0 0.440625 0.6916666666666667 0.025 0.09444444444444444
0 0.446875 0.5916666666666667 0.028125 0.09166666666666666
0 0.45 0.5138888888888888 0.021875 0.07222222222222222
0 0.471875 0.41944444444444445 0.021875 0.06666666666666667
0 0.4546875 0.3611111111111111 0.0203125 0.06388888888888888
0 0.4578125 0.28888888888888886 0.0234375 0.06944444444444445
0 0.503125 0.35 0.0203125 0.06944444444444445
0 0.5359375 0.2722222222222222 0.0203125 0.06111111111111111
0 0.503125 0.15833333333333333 0.0203125 0.058333333333333334
0 0.465625 0.175 0.0171875 0.05
0 0.4984375 0.5444444444444444 0.0234375 0.08611111111111111
0 0.5390625 0.5611111111111111 0.0265625 0.08055555555555556
0 0.53125 0.4666666666666667 0.0265625 0.08055555555555556
0 0.5390625 0.39444444444444443 0.021875 0.06666666666666667