1 0.6150166109375 0.7152135833333334 0.7449485046875 0.6638824666666667 0.7540918609375 0.6202510138888889 0.7377300671875 0.5774750833333333 0.6102043187499999 0.6253841277777777 0.6025046515625 0.682703875 0.6150166109375 0.7152135833333334
0 0.2375 0.8083333333333333 0.028125 0.08611111111111111
0 0.3140625 0.65 0.025 0.075
0 0.265625 0.6305555555555555 0.025 0.075
0 0.2984375 0.49166666666666664 0.021875 0.05555555555555555
0 0.2609375 0.4666666666666667 0.0265625 0.058333333333333334
0 0.2953125 0.28055555555555556 0.0390625 0.03333333333333333
0 0.14375 0.3138888888888889 0.0390625 0.027777777777777776
0 0.05 0.2777777777777778 0.0390625 0.030555555555555555
0 0.034375 0.44166666666666665 0.0421875 0.05
0 0.4671875 0.24722222222222223 0.0375 0.030555555555555555
0 0.5546875 0.1388888888888889 0.0203125 0.044444444444444446
0 0.5765625 0.1638888888888889 0.0140625 0.027777777777777776
0 0.56875 0.20555555555555555 0.01875 0.03888888888888889
0 0.5984375 0.20277777777777778 0.0234375 0.03333333333333333
0 0.6328125 0.2611111111111111 0.028125 0.044444444444444446
0 0.74375 0.29444444444444445 0.0390625 0.03888888888888889
0 0.796875 0.5722222222222222 0.053125 0.05
3 0.588549003125 0.9983902555555556 0.6294534890625 0.8298530805555556 0.588549003125 0.7964878555555556 0.539463621875 0.9804243638888889 0.5433134546875 0.9992457722222222 0.588549003125 0.9983902555555556
3 0.6636207640625 0.36359542222222224 0.678057640625 0.40294928055555557 0.697788040625 0.39439409444444445 0.6795013296875 0.3404964194444444 0.66265830625 0.3618843861111111 0.6636207640625 0.36359542222222224