2 0.4328125 0.1388888888888889 0.0125 0.041666666666666664
2 0.4140625 0.1361111111111111 0.0078125 0.03888888888888889
2 0.4046875 0.1361111111111111 0.0109375 0.03888888888888889
2 0.39375 0.1361111111111111 0.0078125 0.03333333333333333
2 0.384375 0.13333333333333333 0.009375 0.03611111111111111
2 0.3625 0.13333333333333333 0.0078125 0.041666666666666664
2 0.3515625 0.13055555555555556 0.0078125 0.03888888888888889
2 0.3421875 0.12777777777777777 0.0078125 0.03888888888888889
2 0.325 0.12777777777777777 0.0109375 0.041666666666666664
2 0.309375 0.12777777777777777 0.0078125 0.03888888888888889
2 0.296875 0.12777777777777777 0.0109375 0.03611111111111111
2 0.2859375 0.12777777777777777 0.009375 0.03888888888888889
2 0.2765625 0.12777777777777777 0.0078125 0.03888888888888889
2 0.26875 0.125 0.009375 0.041666666666666664
2 0.259375 0.12222222222222222 0.0109375 0.041666666666666664
2 0.2515625 0.125 0.0078125 0.03888888888888889
2 0.2421875 0.125 0.009375 0.041666666666666664
2 0.2328125 0.125 0.009375 0.041666666666666664
2 0.21875 0.125 0.009375 0.041666666666666664
2 0.209375 0.12222222222222222 0.00625 0.03888888888888889
2 0.2015625 0.12222222222222222 0.00625 0.03888888888888889
2 0.19375 0.11944444444444445 0.009375 0.041666666666666664
2 0.1859375 0.11666666666666667 0.009375 0.05