1 0.8564776984375 0.597794625 0.7559670656249999 0.7023410944444445 0.7769048453125 0.765116275 0.8757291953124999 0.6525544361111112 0.8564776984375 0.597794625
0 0.590625 0.2861111111111111 0.0515625 0.03611111111111111
0 0.7375 0.2916666666666667 0.0375 0.03611111111111111
0 0.8234375 0.22777777777777777 0.046875 0.03611111111111111
0 0.4671875 0.3 0.046875 0.05
0 0.791022609375 0.5704147166666667 0.7538030499999999 0.6145267888888889 0.7657817578125 0.6381039305555555 0.801290075 0.5947524111111111 0.791022609375 0.5704147166666667
0 0.957441103125 0.3992903027777778 0.9197937328125001 0.4350362916666667 0.9270665203125 0.4639373027777778 0.9676382359375 0.42743076111111117 0.957441103125 0.3992903027777778
0 0.6437852796875 0.8191155333333333 0.681004840625 0.7727218027777778 0.6711651875 0.7453418972222222 0.6356568703125001 0.7902145222222223 0.6437852796875 0.8191155333333333
0 0.45647437812499997 0.9255929472222222 0.41626014062500005 0.9050580194444445 0.4102707859375 0.9370012416666667 0.45219626718750006 0.9620994888888889 0.45647437812499997 0.9255929472222222
0 0.37690152499999996 0.8472559944444444 0.3426766421875 0.8099889 0.331981365625 0.8358477 0.3662062484375 0.8769175583333333 0.37690152499999996 0.8472559944444444
0 0.32385295625 0.8373688055555555 0.295189615625 0.7924961805555556 0.2823552859375 0.8175944277777778 0.31272986875000003 0.8617064999999999 0.32385295625 0.8373688055555555
3 0.307168325 0.7103564611111112 0.3473825625 0.7719612499999999 0.361072515625 0.7422996861111112 0.324708578125 0.6822160027777777 0.307168325 0.7103564611111112
0 0.56171589375 0.832805488888889 0.511234190625 0.8487771 0.5146566796875 0.8837625361111111 0.5651383812499999 0.8601853944444444 0.56171589375 0.832805488888889
0 0.5557265390625 0.8913680666666666 0.5078117015625 0.9027763583333333 0.509522946875 0.9362406888888889 0.5591490265625 0.9210296305555556 0.5557265390625 0.8913680666666666
3 0.36235595 0.37343150277777776 0.3225695234375 0.4738244916666667 0.3435322640625 0.49892273888888894 0.3846021234375 0.4068958333333333 0.36235595 0.37343150277777776
0 0.238718559375 0.5217393277777778 0.2049214875 0.47002172777777773 0.1925149671875 0.4905566583333333 0.22545641718749998 0.5445559166666667 0.238718559375 0.5217393277777778
0 0.22716766093750002 0.5734569305555556 0.19379839999999998 0.5202182222222222 0.1805362578125 0.5430348111111112 0.2134777078125 0.5985551777777778 0.22716766093750002 0.5734569305555556
0 0.14324815625 0.44566093055555556 0.094853509375 0.3992020694444445 0.08323879375 0.4301746444444445 0.1355050125 0.4714714083333333 0.14324815625 0.44566093055555556
0 0.598157840625 0.10152121666666666 0.576864196875 0.17206985833333333 0.5952541625000001 0.18583544444444447 0.6126762359375 0.11356610555555555 0.598157840625 0.10152121666666666