0 0.5625 0.8166666666666667 0.0265625 0.1
0 0.509375 0.8277777777777777 0.03125 0.11388888888888889
2 0.45625 0.7611111111111111 0.028125 0.030555555555555555
2 0.4546875 0.7388888888888889 0.03125 0.019444444444444445
2 0.45625 0.6194444444444445 0.0234375 0.025
2 0.4609375 0.3472222222222222 0.0203125 0.019444444444444445
0 0.559375 0.6916666666666667 0.025 0.09444444444444444
0 0.553125 0.5916666666666667 0.028125 0.09166666666666666
0 0.55 0.5138888888888888 0.021875 0.07222222222222222
0 0.528125 0.41944444444444445 0.021875 0.06666666666666667
0 0.5453125 0.3611111111111111 0.0203125 0.06388888888888888
0 0.5421875 0.28888888888888886 0.0234375 0.06944444444444445
0 0.496875 0.35 0.0203125 0.06944444444444445
0 0.4640625 0.2722222222222222 0.0203125 0.06111111111111111
0 0.496875 0.15833333333333333 0.0203125 0.058333333333333334
0 0.534375 0.175 0.0171875 0.05
0 0.5015625 0.5444444444444444 0.0234375 0.08611111111111111
0 0.4609375 0.5611111111111111 0.0265625 0.08055555555555556
0 0.46875 0.4666666666666667 0.0265625 0.08055555555555556
0 0.4609375 0.39444444444444443 0.021875 0.06666666666666667