1 0.71674864375 0.5303583000000001 0.6983900875 0.466443325 0.5446580328125 0.5892648638888889 0.5713247 0.6796352333333334 0.71674864375 0.5303583000000001
0 0.1359375 0.8916666666666667 0.0640625 0.058333333333333334
0 0.209375 0.4361111111111111 0.0703125 0.05277777777777778
0 0.2484375 0.375 0.0609375 0.04722222222222222
0 0.2828125 0.30833333333333335 0.0515625 0.044444444444444446
0 0.30625 0.25 0.0546875 0.04722222222222222
0 0.33125 0.18888888888888888 0.0671875 0.05
0 0.3296875 0.125 0.053125 0.05277777777777778
0 0.384375 0.07222222222222222 0.0546875 0.044444444444444446
0 0.7359375 0.35 0.028125 0.1
3 0.8015625 0.19166666666666668 0.05 0.18611111111111112