2 0.76875 0.44722222222222224 0.03125 0.03611111111111111
0 0.075 0.8388888888888889 0.071875 0.06388888888888888
0 0.6515625 0.6027777777777777 0.065625 0.06666666666666667
0 0.8578125 0.55 0.0484375 0.06944444444444445
0 0.8921875 0.3472222222222222 0.040625 0.10555555555555556
0 0.796875 0.38055555555555554 0.0328125 0.11666666666666667
0 0.7578125 0.38055555555555554 0.021875 0.09444444444444444
0 0.7234375 0.36944444444444446 0.021875 0.08333333333333333
0 0.6671875 0.44166666666666665 0.05 0.05
0 0.53125 0.35555555555555557 0.025 0.08333333333333333
0 0.5 0.3611111111111111 0.0234375 0.08055555555555556
0 0.428125 0.35833333333333334 0.0265625 0.09722222222222222
0 0.4 0.35555555555555557 0.0234375 0.08888888888888889
0 0.300362121875 0.3709251638888889 0.317467665625 0.28682876944444446 0.2942379140625 0.2751904305555556 0.2754429328125 0.3615394055555556 0.300362121875 0.3709251638888889
0 0.40869723437500005 0.7189490749999999 0.3573806015625 0.7426011861111111 0.3613930140625 0.7876528250000001 0.41292082656250007 0.7594955527777778 0.40869723437500005 0.7189490749999999
0 0.513442296875 0.5766609833333333 0.4572685328125 0.60969885 0.4648709984375 0.6528733388888889 0.524001275 0.6153303055555556 0.513442296875 0.5766609833333333