0 0.6546875 0.24722222222222223 0.034375 0.041666666666666664
0 0.7765625 0.5027777777777778 0.01875 0.06666666666666667
0 0.809375 0.325 0.04375 0.044444444444444446
0 0.678125 0.7111111111111111 0.0375 0.05
0 0.6609375 0.8861111111111111 0.021875 0.07777777777777778
0 0.434375 0.9444444444444444 0.0296875 0.08888888888888889
0 0.34375 0.7 0.034375 0.04722222222222222
0 0.2859375 0.6305555555555555 0.0375 0.04722222222222222
0 0.215625 0.6555555555555556 0.0421875 0.041666666666666664
0 0.2046875 0.6 0.0421875 0.03888888888888889
0 0.1375 0.6333333333333333 0.04375 0.03333333333333333
0 0.0484375 0.6361111111111111 0.0421875 0.030555555555555555
0 0.103125 0.5888888888888889 0.05 0.03333333333333333
0 0.053125 0.42777777777777776 0.0390625 0.03611111111111111
0 0.30625 0.325 0.0390625 0.04722222222222222
0 0.4140625 0.05555555555555555 0.025 0.06111111111111111
0 0.365625 0.08055555555555556 0.028125 0.08333333333333333
2 0.3640625 0.6722222222222223 0.015625 0.027777777777777776
1 0.0640625 0.6888888888888889 0.115625 0.05555555555555555
1 0.3783333328125 0.7555555555555555 0.265 0.6844444444444444 0.2525 0.7392592583333333 0.37 0.8237037027777778 0.3783333328125 0.7555555555555555