0 0.28125 0.9222222222222223 0.03125 0.10833333333333334
0 0.321875 0.925 0.03125 0.1111111111111111
0 0.421875 0.925 0.0265625 0.11388888888888889
0 0.503125 0.7722222222222223 0.0734375 0.06666666666666667
0 0.50625 0.6972222222222222 0.075 0.05277777777777778
0 0.50625 0.6277777777777778 0.071875 0.05
0 0.5015625 0.5555555555555556 0.078125 0.06388888888888888
0 0.5046875 0.48055555555555557 0.0640625 0.05555555555555555
0 0.503125 0.41388888888888886 0.05 0.05277777777777778
0 0.50625 0.3472222222222222 0.0546875 0.05
0 0.5078125 0.2833333333333333 0.0546875 0.05
0 0.4984375 0.21666666666666667 0.0578125 0.05277777777777778
0 0.4109375 0.2388888888888889 0.059375 0.05277777777777778
0 0.4109375 0.30833333333333335 0.046875 0.03888888888888889
0 0.4015625 0.37777777777777777 0.053125 0.044444444444444446
0 0.3984375 0.44166666666666665 0.059375 0.05
0 0.396875 0.5027777777777778 0.053125 0.04722222222222222
0 0.39375 0.575 0.0671875 0.05555555555555555
0 0.3921875 0.6472222222222223 0.0609375 0.05555555555555555
0 0.28125 0.5416666666666666 0.0546875 0.04722222222222222
0 0.284375 0.48055555555555557 0.0578125 0.04722222222222222
0 0.2953125 0.41388888888888886 0.0515625 0.04722222222222222
0 0.584375 0.25 0.0203125 0.10277777777777777
0 0.590625 0.5083333333333333 0.021875 0.1
0 0.59375 0.6166666666666667 0.0265625 0.10555555555555556
0 0.6859375 0.5472222222222223 0.0265625 0.09166666666666666
0 0.6609375 0.6138888888888889 0.025 0.08333333333333333
0 0.69375 0.6666666666666666 0.028125 0.11944444444444445
0 0.6734375 0.3333333333333333 0.0265625 0.09166666666666666
0 0.6671875 0.2388888888888889 0.0265625 0.08333333333333333
0 0.6640625 0.1 0.028125 0.10555555555555556
2 0.3203125 0.18611111111111112 0.0265625 0.027777777777777776