1 0.35695824374999996 0.7410994666666667 0.2820434859375 0.603064161111111 0.2602380046875 0.6416104277777778 0.33879680156249997 0.7816459416666667 0.36033711562500004 0.7471063499999999 0.35695824374999996 0.7410994666666667
1 0.803125 0.7027777777777777 0.109375 0.05555555555555555
0 0.965625 0.6222222222222222 0.0375 0.027777777777777776
0 0.9546875 0.6888888888888889 0.0421875 0.027777777777777776
0 0.9046875 0.6388888888888888 0.046875 0.030555555555555555
0 0.8984375 0.6833333333333333 0.0421875 0.030555555555555555
0 0.8109375 0.5944444444444444 0.0453125 0.03611111111111111
0 0.8171875 0.6416666666666667 0.04375 0.03333333333333333
0 0.7390625 0.6222222222222222 0.0328125 0.027777777777777776
0 0.8359375 0.36666666666666664 0.040625 0.041666666666666664
0 0.475 0.8555555555555555 0.0390625 0.03333333333333333
0 0.4453125 0.7861111111111111 0.034375 0.027777777777777776
0 0.3953125 0.8277777777777777 0.040625 0.041666666666666664
0 0.41875 0.9666666666666667 0.01875 0.06666666666666667
0 0.3703125 0.9694444444444444 0.0265625 0.058333333333333334
0 0.2796875 0.2388888888888889 0.034375 0.044444444444444446
0 0.490625 0.18333333333333332 0.0390625 0.03333333333333333
0 0.221875 0.5027777777777778 0.0203125 0.06944444444444445
0 0.096875 0.30277777777777776 0.0421875 0.03888888888888889
2 0.40625 0.21388888888888888 0.0171875 0.019444444444444445
0 0.522734196875 0.7602464111111111 0.48556659375000005 0.7786424972222222 0.49042372500000003 0.8083014944444444 0.527380146875 0.7876528250000001 0.522734196875 0.7602464111111111
0 0.6439512640625 0.7320891388888889 0.6095289953125 0.7643761444444445 0.617131459375 0.7910317 0.653031984375 0.7568675388888888 0.6439512640625 0.7320891388888889
0 0.589044578125 0.7463554888888889 0.632758746875 0.7129421916666667 0.6245227437499999 0.6862866388888889 0.583553909375 0.7193245055555555 0.589044578125 0.7463554888888889
0 0.6754170187499999 0.21549700833333335 0.6937896390625 0.2545417611111111 0.7081498500000001 0.2353948138888889 0.68851015 0.18996774444444448 0.67605055625 0.20423409722222224 0.6754170187499999 0.21549700833333335
0 0.327604284375 0.6115760027777778 0.3126105359375 0.5496300000000001 0.2969832484375 0.5612683388888888 0.313244075 0.6250914944444445 0.327604284375 0.6115760027777778
1 0.6722262984375 0.8583289805555555 0.62034405625 0.999394425 0.6624602296875 1 0.700914128125 0.8941378999999999 0.6722262984375 0.8583289805555555
3 0.5995911578124999 0.2452368527777778 0.6185129171875 0.32987611944444445 0.6398761937499999 0.30817374166666667 0.62034405625 0.22787495 0.5995911578124999 0.2452368527777778