1 0.2550514953125 0.6638824666666667 0.38498338906249996 0.7152135833333334 0.3974953484375 0.682703875 0.38979568124999997 0.6253841277777777 0.2622699328125 0.5774750833333333 0.24590813906250003 0.6202510138888889 0.2550514953125 0.6638824666666667
0 0.7625 0.8083333333333333 0.028125 0.08611111111111111
0 0.6859375 0.65 0.025 0.075
0 0.734375 0.6305555555555555 0.025 0.075
0 0.7015625 0.49166666666666664 0.021875 0.05555555555555555
0 0.7390625 0.4666666666666667 0.0265625 0.058333333333333334
0 0.7046875 0.28055555555555556 0.0390625 0.03333333333333333
0 0.85625 0.3138888888888889 0.0390625 0.027777777777777776
0 0.95 0.2777777777777778 0.0390625 0.030555555555555555
0 0.965625 0.44166666666666665 0.0421875 0.05
0 0.5328125 0.24722222222222223 0.0375 0.030555555555555555
0 0.4453125 0.1388888888888889 0.0203125 0.044444444444444446
0 0.4234375 0.1638888888888889 0.0140625 0.027777777777777776
0 0.43125 0.20555555555555555 0.01875 0.03888888888888889
0 0.4015625 0.20277777777777778 0.0234375 0.03333333333333333
0 0.3671875 0.2611111111111111 0.028125 0.044444444444444446
0 0.25625 0.29444444444444445 0.0390625 0.03888888888888889
0 0.203125 0.5722222222222222 0.053125 0.05
3 0.41145099687500003 0.9983902555555556 0.45668654531249997 0.9992457722222222 0.46053637812500003 0.9804243638888889 0.41145099687500003 0.7964878555555556 0.3705465109375 0.8298530805555556 0.41145099687500003 0.9983902555555556
3 0.3363792359375 0.36359542222222224 0.33734169375 0.3618843861111111 0.3204986703125 0.3404964194444444 0.302211959375 0.39439409444444445 0.32194235937500004 0.40294928055555557 0.3363792359375 0.36359542222222224