1 0.6566666671875 0.14222222222222222 0.5941666671875 0.0014814805555555554 0.5475 0.02814814722222222 0.6108333328125 0.17185185277777779 0.6566666671875 0.14222222222222222
0 0.296875 0.5611111111111111 0.0578125 0.03611111111111111
0 0.384375 0.5972222222222222 0.0515625 0.03333333333333333
0 0.296875 0.6138888888888889 0.0546875 0.03888888888888889
0 0.6708888109375 0.8269055333333333 0.6400826921875 0.7369804027777778 0.620686246875 0.75455975 0.647689140625 0.8458371416666667 0.6708888109375 0.8269055333333333
0 0.6769739703125001 0.6882991277777778 0.7009342843749999 0.7640255555555555 0.7195700859375 0.7471223333333333 0.6937081578125001 0.6734242944444445 0.6769739703125001 0.6882991277777778
0 0.5248449875000001 0.5956694805555556 0.545002078125 0.6781571944444444 0.5640182015625 0.6639584916666667 0.5415791765625 0.5774140027777778 0.5248449875000001 0.5956694805555556
0 0.5963456093749999 0.47802306666666666 0.620686246875 0.5476643361111111 0.6404630140625 0.5294088583333333 0.6153617328125 0.4584153333333333 0.5963456093749999 0.47802306666666666
0 0.4689375875 0.3171044111111111 0.4826291953125 0.3894501944444444 0.50354693125 0.3759276166666667 0.48377016250000004 0.30425796388888887 0.4689375875 0.3171044111111111
0 0.44763952968750004 0.16091865555555554 0.46475404062500003 0.2231225083333333 0.48110790625 0.20959993055555554 0.4620917828125 0.14739608055555556 0.44763952968750004 0.16091865555555554
0 0.5267466 0.2961444194444445 0.548805303125 0.36105278333333335 0.5643985234375 0.3441495638888889 0.5423398203125 0.28059345555555554 0.5267466 0.2961444194444445