0 0.053125 0.85 0.06875 0.06944444444444445
0 0.14375 0.8444444444444444 0.0734375 0.058333333333333334
0 0.1046875 0.6416666666666667 0.0609375 0.06111111111111111
0 0.1984375 0.6222222222222222 0.0578125 0.05555555555555555
0 0.2859375 0.6166666666666667 0.065625 0.04722222222222222
0 0.565625 0.8194444444444444 0.0734375 0.05555555555555555
0 0.4015625 0.8333333333333334 0.096875 0.08888888888888889
0 0.2609375 0.8305555555555556 0.0921875 0.07222222222222222
0 0.665625 0.8138888888888889 0.0921875 0.06944444444444445
0 0.7765625 0.8111111111111111 0.084375 0.07777777777777778
0 0.89375 0.8 0.0953125 0.06666666666666667
0 0.8578125 0.5666666666666667 0.06875 0.05555555555555555
0 0.775 0.5805555555555556 0.078125 0.075
0 0.690625 0.5833333333333334 0.059375 0.058333333333333334
0 0.5796875 0.5861111111111111 0.0765625 0.05555555555555555
0 0.3921875 0.2388888888888889 0.034375 0.125
0 0.4828125 0.3527777777777778 0.0421875 0.1361111111111111