2 0.7484375 0.3416666666666667 0.028125 0.03888888888888889
2 0.6671875 0.5444444444444444 0.0296875 0.027777777777777776
2 0.6171875 0.6888888888888889 0.0265625 0.027777777777777776
3 0.7234375 0.6805555555555556 0.09375 0.08055555555555556
3 0.775 0.6111111111111112 0.06875 0.058333333333333334
0 0.740625 0.5444444444444444 0.0578125 0.04722222222222222
0 0.5796875 0.5555555555555556 0.0734375 0.058333333333333334
0 0.578125 0.6361111111111111 0.05625 0.05
0 0.4734375 0.6277777777777778 0.0578125 0.041666666666666664
0 0.43125 0.5638888888888889 0.0625 0.04722222222222222
0 0.3703125 0.6277777777777778 0.0578125 0.041666666666666664
0 0.4296875 0.7 0.0578125 0.05
0 0.8421875 0.5611111111111111 0.059375 0.06111111111111111
1 0.8391666671875001 0.13777777777777778 0.6883333328125001 0.2222222222222222 0.7058333328125 0.3051851861111111 0.8583333328125 0.21629629722222224 0.8391666671875001 0.13777777777777778
1 0.8341666671875 0.7214814805555556 0.9974999999999999 0.7866666666666666 0.9966666671875 0.7007407416666667 0.8474999999999999 0.6370370361111112 0.8341666671875 0.7214814805555556