0 0.38125 0.36666666666666664 0.065625 0.05
0 0.575 0.38333333333333336 0.0703125 0.05555555555555555
0 0.609375 0.4527777777777778 0.0703125 0.058333333333333334
0 0.7859375 0.5527777777777778 0.0796875 0.058333333333333334
0 0.825 0.6611111111111111 0.071875 0.05277777777777778
0 0.965625 0.45555555555555555 0.0671875 0.06666666666666667
3 0.953125 0.6666666666666666 0.0921875 0.07222222222222222
2 0.8671875 0.4222222222222222 0.015625 0.06388888888888888
2 0.8921875 0.4305555555555556 0.0171875 0.05555555555555555
2 0.9109375 0.4388888888888889 0.015625 0.06666666666666667
3 0.44375 0.5388888888888889 0.0890625 0.07222222222222222
2 0.796875 0.11666666666666667 0.0171875 0.04722222222222222