3 0.515625 0.37222222222222223 0.16875 0.1361111111111111
2 0.1078125 0.1527777777777778 0.053125 0.03611111111111111
2 0.1734375 0.09444444444444444 0.0265625 0.07222222222222222
2 0.1984375 0.09444444444444444 0.021875 0.06944444444444445
2 0.4828125 0.08333333333333333 0.046875 0.030555555555555555
2 0.7984375 0.3638888888888889 0.0265625 0.08333333333333333
0 0.0515625 0.40555555555555556 0.09375 0.08055555555555556
0 0.1640625 0.3972222222222222 0.1046875 0.08888888888888889
0 0.2703125 0.39444444444444443 0.0875 0.10555555555555556
0 0.715625 0.37222222222222223 0.103125 0.09722222222222222
0 0.9203125 0.36944444444444446 0.109375 0.10277777777777777
0 0.8515625 0.8027777777777778 0.1125 0.08888888888888889
0 0.565625 0.8138888888888889 0.109375 0.09444444444444444
0 0.4375 0.8277777777777777 0.1375 0.08888888888888889
0 0.290625 0.8333333333333334 0.0953125 0.07777777777777778
0 0.19375 0.7611111111111111 0.1125 0.08055555555555556
0 0.0609375 0.8361111111111111 0.121875 0.10833333333333334