2 0.41875 0.33055555555555555 0.0171875 0.05
2 0.5640625 0.5138888888888888 0.0359375 0.030555555555555555
0 0.7734375 0.575 0.0765625 0.05277777777777778
0 0.6828125 0.575 0.0625 0.04722222222222222
0 0.596875 0.5694444444444444 0.0671875 0.05
0 0.384375 0.5888888888888889 0.03125 0.12222222222222222
0 0.3234375 0.5888888888888889 0.034375 0.11944444444444445
0 0.35 0.7416666666666667 0.0359375 0.14166666666666666
0 0.359375 0.24722222222222223 0.0359375 0.1361111111111111
0 0.3609375 0.4305555555555556 0.0375 0.1361111111111111
0 0.7484375 0.4583333333333333 0.0734375 0.05555555555555555
0 0.8453125 0.4777777777777778 0.078125 0.05277777777777778
0 0.8734375 0.5666666666666667 0.071875 0.05277777777777778
0 0.9625 0.5638888888888889 0.06875 0.05