1 0.5625 0.37777777777777777 0.196875 0.1
0 0.1640625 0.4444444444444444 0.0765625 0.05555555555555555
0 0.2390625 0.7111111111111111 0.040625 0.125
0 0.3625 0.44166666666666665 0.0703125 0.05
0 0.25 0.18611111111111112 0.034375 0.1
0 0.16875 0.06944444444444445 0.040625 0.125
3 0.796875 0.45 0.10625 0.1
0 0.5859375 0.6527777777777778 0.084375 0.06111111111111111
0 0.6828125 0.6555555555555556 0.078125 0.07222222222222222
0 0.7796875 0.6555555555555556 0.06875 0.06388888888888888
0 0.9015625 0.6555555555555556 0.0859375 0.08888888888888889
0 0.24375 0.8722222222222222 0.034375 0.1361111111111111
2 0.4953125 0.6666666666666666 0.01875 0.06944444444444445
2 0.4453125 0.2722222222222222 0.034375 0.041666666666666664