2 0.58125 0.33055555555555555 0.0171875 0.05
2 0.4359375 0.5138888888888888 0.0359375 0.030555555555555555
0 0.2265625 0.575 0.0765625 0.05277777777777778
0 0.3171875 0.575 0.0625 0.04722222222222222
0 0.403125 0.5694444444444444 0.0671875 0.05
0 0.615625 0.5888888888888889 0.03125 0.12222222222222222
0 0.6765625 0.5888888888888889 0.034375 0.11944444444444445
0 0.65 0.7416666666666667 0.0359375 0.14166666666666666
0 0.640625 0.24722222222222223 0.0359375 0.1361111111111111
0 0.6390625 0.4305555555555556 0.0375 0.1361111111111111
0 0.2515625 0.4583333333333333 0.0734375 0.05555555555555555
0 0.1546875 0.4777777777777778 0.078125 0.05277777777777778
0 0.1265625 0.5666666666666667 0.071875 0.05277777777777778
0 0.0375 0.5638888888888889 0.06875 0.05