0 0.43125 0.23055555555555557 0.08125 0.06666666666666667
0 0.4265625 0.30833333333333335 0.0796875 0.058333333333333334
0 0.4234375 0.37777777777777777 0.0890625 0.06111111111111111
0 0.421875 0.4527777777777778 0.0796875 0.06944444444444445
0 0.4140625 0.525 0.090625 0.07222222222222222
0 0.4171875 0.5972222222222222 0.08125 0.06388888888888888
0 0.5234375 0.6 0.040625 0.18888888888888888
0 0.521875 0.7972222222222223 0.04375 0.14722222222222223
0 0.596875 0.7805555555555556 0.090625 0.09444444444444444
0 0.59375 0.6916666666666667 0.0890625 0.06666666666666667
0 0.5921875 0.6222222222222222 0.08125 0.05277777777777778
0 0.590625 0.5416666666666666 0.071875 0.04722222222222222
0 0.5703125 0.4388888888888889 0.0421875 0.14722222222222223
0 0.615625 0.44722222222222224 0.034375 0.1361111111111111
0 0.6125 0.28055555555555556 0.028125 0.13333333333333333
0 0.496875 0.25 0.034375 0.11944444444444445