0 0.384375 0.06944444444444445 0.046875 0.04722222222222222
0 0.825 0.10833333333333334 0.053125 0.04722222222222222
0 0.5046875 0.05555555555555555 0.05 0.05
0 0.1171875 0.31666666666666665 0.05 0.05
2 0.4265625 0.6166666666666667 0.025 0.03888888888888889
2 0.0140625 0.25277777777777777 0.028125 0.030555555555555555
2 0.7171875 0.1388888888888889 0.025 0.022222222222222223
1 0.5116666671875 0.32 0.49416666718749996 0.6014814805555555 0.5425 0.6162962972222222 0.5575 0.3318518527777778 0.5116666671875 0.32
1 0.8724999999999999 0.8577777777777779 1 0.7229629638888888 0.9875 0.6311111111111111 0.8425 0.7792592583333334 0.8724999999999999 0.8577777777777779
3 0.9328125 0.041666666666666664 0.08125 0.07222222222222222
0 0.6069779390625001 0.7983377416666667 0.66055555 0.8396958972222223 0.6711300796875 0.7958311861111111 0.6126176875 0.7569795861111112 0.6069779390625001 0.7983377416666667
0 0.525906553125 0.7983377416666667 0.574549384375 0.85348195 0.5879437875 0.8121237944444445 0.5357761140624999 0.7569795861111112 0.525906553125 0.7983377416666667
0 0.43073579687499997 0.5301363638888889 0.39407743125 0.46872576944444444 0.3750432796875 0.4912847638888889 0.41734139375 0.5577084694444444 0.43073579687499997 0.5301363638888889
0 0.3390898828125 0.5163503138888889 0.3750432796875 0.5752543527777778 0.39125755624999997 0.5489355277777778 0.35248428593750003 0.4887782083333333 0.3390898828125 0.5163503138888889
0 0.27564271093750004 0.43238072222222224 0.3137110140625 0.48000526666666665 0.3278103859375 0.4511798861111111 0.2862172390625 0.39478240000000003 0.2728228375 0.4010487861111111 0.26929799375 0.41984795 0.27564271093750004 0.43238072222222224
0 0.34402466249999997 0.44491349722222223 0.3630588140625 0.42360778055555554 0.3595339703125 0.40856845277777776 0.32005573125 0.35969063055555556 0.305251390625 0.38726273333333333 0.34402466249999997 0.44491349722222223
0 0.348649559375 0.37032809722222226 0.385812765625 0.4259642416666667 0.39852649375000004 0.42466026944444446 0.404149875 0.39727685555555553 0.3625857609375 0.3399020777777778 0.3545174328125 0.3485952277777778 0.348649559375 0.37032809722222226
0 0.26160941718749997 0.29947894166666666 0.2515851296875 0.32686235555555554 0.2557415421875 0.33903276388888887 0.2887483375 0.37163206666666665 0.29779464375 0.3698934388888889 0.3048849921875 0.3464219388888889 0.3031735296875 0.33599016111111113 0.26160941718749997 0.29947894166666666
0 0.340092240625 0.3116493472222222 0.302929034375 0.2742688138888889 0.2921712640625 0.30904140277777775 0.32884548125 0.3425100222222222 0.340092240625 0.3116493472222222
1 0.18361558125 0.3551150888888889 0.24669523437500002 0.40162342777777776 0.2572085109375 0.3642428916666667 0.19192840312499998 0.31643058055555556 0.18361558125 0.3551150888888889
0 0.09339700625 0.2342803333333333 0.038630175 0.22037129722222223 0.034962753125 0.2612290916666667 0.0892405953125 0.2742688138888889 0.09339700625 0.2342803333333333
0 0.0843507 0.1816867888888889 0.0293393734375 0.16864706666666668 0.0264054359375 0.2060276027777778 0.07994979375 0.22037129722222223 0.0843507 0.1816867888888889
0 0.1816596234375 0.2551438888888889 0.1300712234375 0.23862690833333333 0.1259148125 0.2777460722222222 0.1779922015625 0.295567025 0.1816596234375 0.2551438888888889
0 0.24544524218750002 0.2913911138888889 0.199684265625 0.2647665444444444 0.18637198125 0.29878682777777776 0.23878910000000003 0.32541139444444445 0.24544524218750002 0.2913911138888889
0 0.24544524218750002 0.23222540555555554 0.18637198125 0.20116340833333332 0.17555575 0.238141975 0.237125065625 0.26920397222222225 0.24544524218750002 0.23222540555555554
0 0.2986943796875 0.25737083055555554 0.2620855984375 0.22778797777777776 0.25126936718750004 0.25737083055555554 0.28704613125 0.2928702555555555 0.2986943796875 0.25737083055555554