1 0.7397619953125 0.6416104277777778 0.7179565140624999 0.603064161111111 0.6430417562499999 0.7410994666666667 0.6396628843750001 0.7471063499999999 0.6612031984375 0.7816459416666667 0.7397619953125 0.6416104277777778
1 0.196875 0.7027777777777777 0.109375 0.05555555555555555
0 0.034375 0.6222222222222222 0.0375 0.027777777777777776
0 0.0453125 0.6888888888888889 0.0421875 0.027777777777777776
0 0.0953125 0.6388888888888888 0.046875 0.030555555555555555
0 0.1015625 0.6833333333333333 0.0421875 0.030555555555555555
0 0.1890625 0.5944444444444444 0.0453125 0.03611111111111111
0 0.1828125 0.6416666666666667 0.04375 0.03333333333333333
0 0.2609375 0.6222222222222222 0.0328125 0.027777777777777776
0 0.1640625 0.36666666666666664 0.040625 0.041666666666666664
0 0.525 0.8555555555555555 0.0390625 0.03333333333333333
0 0.5546875 0.7861111111111111 0.034375 0.027777777777777776
0 0.6046875 0.8277777777777777 0.040625 0.041666666666666664
0 0.58125 0.9666666666666667 0.01875 0.06666666666666667
0 0.6296875 0.9694444444444444 0.0265625 0.058333333333333334
0 0.7203125 0.2388888888888889 0.034375 0.044444444444444446
0 0.509375 0.18333333333333332 0.0390625 0.03333333333333333
0 0.778125 0.5027777777777778 0.0203125 0.06944444444444445
0 0.903125 0.30277777777777776 0.0421875 0.03888888888888889
2 0.59375 0.21388888888888888 0.0171875 0.019444444444444445
0 0.51443340625 0.7786424972222222 0.477265803125 0.7602464111111111 0.472619853125 0.7876528250000001 0.5095762749999999 0.8083014944444444 0.51443340625 0.7786424972222222
0 0.3904710046875 0.7643761444444445 0.3560487359375 0.7320891388888889 0.346968015625 0.7568675388888888 0.382868540625 0.7910317 0.3904710046875 0.7643761444444445
0 0.367241253125 0.7129421916666667 0.41095542187499995 0.7463554888888889 0.41644609062500004 0.7193245055555555 0.37547725625 0.6862866388888889 0.367241253125 0.7129421916666667
0 0.29185015000000003 0.2353948138888889 0.3062103609375 0.2545417611111111 0.32458298124999996 0.21549700833333335 0.32394944375 0.20423409722222224 0.31148984999999996 0.18996774444444448 0.29185015000000003 0.2353948138888889
0 0.6873894640625 0.5496300000000001 0.672395715625 0.6115760027777778 0.686755925 0.6250914944444445 0.7030167515625 0.5612683388888888 0.6873894640625 0.5496300000000001
1 0.37965594375 0.999394425 0.3277737015625 0.8583289805555555 0.299085871875 0.8941378999999999 0.3375397703125 1 0.37965594375 0.999394425
3 0.3814870828125 0.32987611944444445 0.4004088421875 0.2452368527777778 0.37965594375 0.22787495 0.36012380624999996 0.30817374166666667 0.3814870828125 0.32987611944444445