2 0.265625 0.5527777777777778 0.0109375 0.06111111111111111
2 0.79375 0.49722222222222223 0.015625 0.05277777777777778
2 0.8109375 0.5861111111111111 0.03125 0.030555555555555555
3 0.6109375 0.6111111111111112 0.115625 0.07222222222222222
3 0.153125 0.7166666666666667 0.1328125 0.08333333333333333
3 0.2828125 0.7138888888888889 0.096875 0.08333333333333333
0 0.4921875 0.6083333333333333 0.0625 0.05277777777777778
0 0.3703125 0.625 0.075 0.06111111111111111
0 0.3953125 0.6972222222222222 0.071875 0.05
0 0.490625 0.5333333333333333 0.0734375 0.05555555555555555
0 0.7390625 0.5944444444444444 0.065625 0.06111111111111111
0 0.70625 0.6638888888888889 0.071875 0.05555555555555555
0 0.8078125 0.6555555555555556 0.065625 0.044444444444444446
0 0.8953125 0.6555555555555556 0.075 0.06666666666666667
0 0.89375 0.5722222222222222 0.0734375 0.05555555555555555