2 0.009375 0.6222222222222222 0.01875 0.025
2 0.0640625 0.6527777777777778 0.03125 0.025
2 0.2109375 0.6305555555555555 0.028125 0.025
2 0.2703125 0.2611111111111111 0.0296875 0.03611111111111111
2 0.4953125 0.1638888888888889 0.015625 0.03611111111111111
2 0.55625 0.575 0.0296875 0.025
2 0.6296875 0.7277777777777777 0.0359375 0.025
1 0.3125 0.6805555555555556 0.171875 0.08611111111111111
3 0.4984375 0.7083333333333334 0.0953125 0.06111111111111111
3 0.46875 0.6361111111111111 0.0703125 0.05
0 0.346875 0.5666666666666667 0.0640625 0.04722222222222222
0 0.44375 0.5694444444444444 0.0609375 0.041666666666666664
0 0.45625 0.37777777777777777 0.0578125 0.04722222222222222
0 0.1140625 0.5694444444444444 0.0609375 0.05
0 0.24375 0.5583333333333333 0.065625 0.05
0 0.084375 0.8388888888888889 0.0625 0.06388888888888888
0 0.65 0.6666666666666666 0.0578125 0.044444444444444446
0 0.81875 0.6722222222222223 0.0515625 0.044444444444444446
0 0.7828125 0.6027777777777777 0.0578125 0.041666666666666664
0 0.9015625 0.7527777777777778 0.05625 0.041666666666666664
0 0.8703125 0.6194444444444445 0.059375 0.044444444444444446