3 0.2140625 0.4166666666666667 0.1453125 0.11388888888888889
0 0.696875 0.5138888888888888 0.075 0.06666666666666667
0 0.7046875 0.6055555555555555 0.0765625 0.06111111111111111
0 0.6109375 0.6027777777777777 0.0796875 0.075
0 0.5796875 0.49444444444444446 0.0828125 0.08055555555555556
0 0.46875 0.4777777777777778 0.078125 0.06666666666666667
0 0.509375 0.5888888888888889 0.078125 0.06111111111111111
0 0.359375 0.4583333333333333 0.0859375 0.06944444444444445
0 0.4078125 0.5666666666666667 0.071875 0.06111111111111111
0 0.275 0.5472222222222223 0.09375 0.07777777777777778
0 0.115625 0.5388888888888889 0.125 0.09166666666666666