0 0.559375 0.6611111111111111 0.059375 0.05
0 0.5359375 0.5833333333333334 0.0609375 0.044444444444444446
0 0.484375 0.6527777777777778 0.053125 0.05
0 0.6578125 0.6027777777777777 0.053125 0.058333333333333334
0 0.7515625 0.6027777777777777 0.071875 0.05555555555555555
0 0.759375 0.6777777777777778 0.05625 0.058333333333333334
0 0.6421875 0.4305555555555556 0.053125 0.041666666666666664
0 0.5328125 0.42777777777777776 0.0546875 0.05277777777777778
0 0.359375 0.5833333333333334 0.053125 0.044444444444444446
0 0.4421875 0.5833333333333334 0.0515625 0.05277777777777778
0 0.2890625 0.5833333333333334 0.0625 0.044444444444444446
0 0.271875 0.40555555555555556 0.0515625 0.04722222222222222
0 0.2015625 0.575 0.0609375 0.05
2 0.4125 0.4 0.028125 0.025