3 0.2109375 0.9277777777777778 0.0453125 0.14444444444444443
3 0.4966666671875 0.3525925916666667 0.41916666718749995 0.40740740833333333 0.43499999999999994 0.4666666666666667 0.5091666671875 0.4207407416666667 0.4966666671875 0.3525925916666667
0 0.2328125 0.5888888888888889 0.0296875 0.10833333333333334
0 0.6453125 0.06944444444444445 0.0296875 0.1111111111111111
0 0.9108333328124999 0.24444444444444444 0.8533333328125 0.25333333333333335 0.8550000000000001 0.2977777777777778 0.9133333328125 0.29185185277777775 0.9108333328124999 0.24444444444444444
0 0.8316666671874999 0.3244444444444444 0.7675 0.35111111111111115 0.7716666671875 0.4 0.8383333328125 0.36740740833333335 0.8316666671874999 0.3244444444444444
0 0.7908333328125 0.26962963055555556 0.7333333328125 0.3022222222222222 0.7408333328125 0.3525925916666667 0.7983333328125 0.3111111111111111 0.7908333328125 0.26962963055555556
0 0.7416666671875001 0.49777777777777776 0.6966666671875 0.5466666666666667 0.705 0.585185186111111 0.755 0.5318518527777778 0.7416666671875001 0.49777777777777776
0 0.6575 0.6103703694444444 0.6166666671875001 0.6992592583333332 0.6408333328125 0.725925925 0.6825 0.6370370361111112 0.6625 0.6133333333333334 0.6575 0.6103703694444444
0 0.4858333328125 0.4681481472222222 0.42000000000000004 0.4962962972222222 0.4266666671875 0.5466666666666667 0.49416666718749996 0.514074075 0.4858333328125 0.4681481472222222
0 0.30333333281249997 0.39555555555555555 0.2425 0.365925925 0.23500000000000001 0.4103703694444444 0.3 0.4444444444444444 0.30333333281249997 0.39555555555555555
0 0.6191666671875 0.27259259166666666 0.5608333328125 0.325925925 0.5683333328125 0.365925925 0.63 0.3066666666666667 0.6191666671875 0.27259259166666666
0 0.2233333328125 0.7955555555555555 0.2108333328125 0.6844444444444444 0.18416666718750002 0.6874074083333334 0.195 0.8074074083333334 0.2233333328125 0.7955555555555555