2 0.4140625 0.7444444444444445 0.0140625 0.05277777777777778
2 0.375 0.7416666666666667 0.01875 0.05555555555555555
2 0.3390625 0.7361111111111112 0.0140625 0.05555555555555555
2 0.3640625 0.625 0.0328125 0.022222222222222223
2 0.146875 0.6555555555555556 0.0390625 0.030555555555555555
0 0.6125 0.625 0.0578125 0.06388888888888888
0 0.540625 0.75 0.05625 0.05
0 0.4625 0.7361111111111112 0.0609375 0.05277777777777778
0 0.296875 0.7277777777777777 0.0578125 0.044444444444444446
0 0.2015625 0.6388888888888888 0.053125 0.058333333333333334
0 0.0703125 0.5944444444444444 0.071875 0.05555555555555555
0 0.1203125 0.5194444444444445 0.059375 0.05
0 0.1921875 0.5361111111111111 0.0625 0.05
0 0.353125 0.55 0.0671875 0.04722222222222222
0 0.4265625 0.5583333333333333 0.065625 0.044444444444444446
0 0.7140625 0.275 0.0296875 0.10833333333333334
0 0.715625 0.44166666666666665 0.040625 0.09722222222222222
0 0.821875 0.3638888888888889 0.040625 0.10555555555555556
0 0.759375 0.18055555555555555 0.0296875 0.11666666666666667