1 0.7578125 0.6472222222222223 0.1703125 0.1
1 0.6015625 0.275 0.14375 0.1
1 0.86875 0.2722222222222222 0.1453125 0.09444444444444444
0 0.878125 0.3611111111111111 0.05625 0.044444444444444446
0 0.6203125 0.38055555555555554 0.046875 0.041666666666666664
0 0.6 0.5472222222222223 0.0484375 0.044444444444444446
0 0.45 0.5805555555555556 0.05 0.044444444444444446
0 0.428125 0.36666666666666664 0.0421875 0.04722222222222222
0 0.178125 0.35555555555555557 0.0484375 0.044444444444444446
2 0.0734375 0.525 0.0328125 0.030555555555555555
2 0.2765625 0.8333333333333334 0.0265625 0.025
2 0.2671875 0.8888888888888888 0.021875 0.025
2 0.2796875 0.7833333333333333 0.021875 0.027777777777777776
2 0.0921875 0.7583333333333333 0.0109375 0.05277777777777778
2 0.0796875 0.7611111111111111 0.0140625 0.05
2 0.0203125 0.75 0.0171875 0.041666666666666664