0 0.49375 0.525 0.065625 0.05
0 0.4109375 0.4361111111111111 0.0734375 0.05277777777777778
0 0.5 0.4444444444444444 0.065625 0.06944444444444445
0 0.58125 0.46944444444444444 0.0578125 0.05277777777777778
0 0.70625 0.45555555555555555 0.0671875 0.05277777777777778
0 0.7859375 0.6222222222222222 0.0703125 0.05555555555555555
2 0.5199523125 0.6270810333333333 0.538888846875 0.5871395666666667 0.5300624953125 0.5765836055555555 0.5100026078125001 0.6150985916666667 0.5199523125 0.6270810333333333
2 0.51096548125 0.5720188666666667 0.49251038437499994 0.6071103 0.5019786515625 0.6230868861111112 0.5199523125 0.5851424916666667 0.51096548125 0.5720188666666667
2 0.46843851875000003 0.5965543388888889 0.492028946875 0.6336428444444444 0.4970038 0.6216604055555556 0.47726486875 0.5831454194444444 0.46843851875000003 0.5965543388888889
0 0.809375 0.4638888888888889 0.065625 0.05
0 0.3125 0.41944444444444445 0.0546875 0.05
0 0.2359375 0.4111111111111111 0.0640625 0.04722222222222222
0 0.2890625 0.5 0.0609375 0.05
0 0.1390625 0.4 0.065625 0.05555555555555555
0 0.1890625 0.33055555555555555 0.0546875 0.05
0 0.259375 0.33611111111111114 0.0546875 0.03888888888888889
0 0.421875 0.35 0.0515625 0.044444444444444446