0 0.2890625 0.6111111111111112 0.090625 0.06666666666666667
0 0.471875 0.6194444444444445 0.0734375 0.05555555555555555
0 0.65625 0.6055555555555555 0.071875 0.05
0 0.778125 0.6 0.071875 0.06388888888888888
0 0.9 0.6027777777777777 0.065625 0.06111111111111111
0 0.9359375 0.4111111111111111 0.0796875 0.06666666666666667
0 0.8265625 0.41388888888888886 0.075 0.05277777777777778
0 0.728125 0.4166666666666667 0.05625 0.058333333333333334
0 0.5515625 0.41944444444444445 0.0578125 0.05555555555555555
0 0.4765625 0.41944444444444445 0.0578125 0.05
0 0.3015625 0.42777777777777776 0.071875 0.05555555555555555
0 0.209375 0.42777777777777776 0.0765625 0.05555555555555555
0 0.0375 0.425 0.075 0.05277777777777778
2 0.4140625 0.425 0.03125 0.03611111111111111
2 0.3765625 0.40555555555555556 0.03125 0.03611111111111111
2 0.3515625 0.42777777777777776 0.0203125 0.05277777777777778
2 0.4765625 0.9166666666666666 0.0328125 0.06111111111111111