2 0.409375 0.575 0.0296875 0.025
2 0.5234375 0.35555555555555557 0.0203125 0.05
2 0.503125 0.3527777777777778 0.015625 0.04722222222222222
2 0.3953125 0.35 0.0140625 0.044444444444444446
3 0.384375 0.625 0.10625 0.075
0 0.1953125 0.6166666666666667 0.05625 0.05277777777777778
0 0.28125 0.6138888888888889 0.05625 0.044444444444444446
0 0.2 0.5305555555555556 0.05625 0.058333333333333334
0 0.115625 0.6055555555555555 0.05625 0.058333333333333334
0 0.278125 0.35 0.0640625 0.05
0 0.3546875 0.3527777777777778 0.0484375 0.044444444444444446
0 0.43125 0.5277777777777778 0.0640625 0.05
0 0.4765625 0.6305555555555555 0.059375 0.05
0 0.5140625 0.5277777777777778 0.0609375 0.05
0 0.5796875 0.6166666666666667 0.0671875 0.05277777777777778
0 0.590625 0.525 0.0515625 0.041666666666666664
0 0.66875 0.5388888888888889 0.0640625 0.05277777777777778
0 0.6609375 0.6166666666666667 0.05625 0.04722222222222222
0 0.765625 0.6166666666666667 0.06875 0.05555555555555555
0 0.7671875 0.525 0.0625 0.05
0 0.8453125 0.5361111111111111 0.0671875 0.04722222222222222
0 0.85 0.6055555555555555 0.0703125 0.05
0 0.5828125 0.34444444444444444 0.059375 0.04722222222222222
0 0.4421875 0.34444444444444444 0.053125 0.041666666666666664