0 0.8875 0.5416666666666666 0.103125 0.06944444444444445
0 0.76875 0.5472222222222223 0.0875 0.075
0 0.6578125 0.5388888888888889 0.0953125 0.07222222222222222
0 0.7953125 0.4305555555555556 0.09375 0.07222222222222222
0 0.6671875 0.425 0.0859375 0.07777777777777778
0 0.525 0.525 0.08125 0.075
0 0.3515625 0.5277777777777778 0.0953125 0.07777777777777778
0 0.184375 0.5111111111111111 0.125 0.08333333333333333
0 0.1296875 0.40555555555555556 0.1 0.08055555555555556
0 0.25625 0.4083333333333333 0.09375 0.08055555555555556
0 0.3609375 0.4111111111111111 0.0875 0.075
0 0.471875 0.4111111111111111 0.084375 0.07777777777777778
2 0.52 0.3851851861111111 0.5525 0.4444444444444444 0.5641666671875 0.4237037027777778 0.5325 0.3644444444444444 0.52 0.3851851861111111