0 0.1390625 0.8777777777777778 0.0765625 0.06111111111111111
0 0.1765625 0.6638888888888889 0.06875 0.06388888888888888
0 0.146875 0.5166666666666667 0.0828125 0.06944444444444445
0 0.390625 0.7333333333333333 0.0703125 0.06666666666666667
0 0.3765625 0.8555555555555555 0.0796875 0.05277777777777778
0 0.346875 0.6611111111111111 0.0734375 0.06666666666666667
0 0.546875 0.6333333333333333 0.0765625 0.06944444444444445
0 0.3421875 0.5194444444444445 0.0359375 0.10277777777777777
0 0.4046875 0.5027777777777778 0.0328125 0.125
0 0.4703125 0.5166666666666667 0.0328125 0.10555555555555556
0 0.5265625 0.5194444444444445 0.03125 0.10555555555555556
0 0.5765625 0.5083333333333333 0.0328125 0.1
0 0.6390625 0.5166666666666667 0.0296875 0.10277777777777777
0 0.6828125 0.5194444444444445 0.0375 0.11388888888888889
0 0.7265625 0.5138888888888888 0.0359375 0.10277777777777777
0 0.8828125 0.6472222222222223 0.0703125 0.05
0 0.8078125 0.8416666666666667 0.0796875 0.07222222222222222
0 0.9109375 0.8361111111111111 0.0890625 0.07222222222222222
3 0.85 0.7416666666666667 0.140625 0.11388888888888889