0 0.6171875 0.6472222222222223 0.075 0.06944444444444445
0 0.7890625 0.55 0.0640625 0.05555555555555555
0 0.815625 0.6472222222222223 0.075 0.06666666666666667
0 0.4796875 0.6361111111111111 0.071875 0.07222222222222222
0 0.3453125 0.4527777777777778 0.065625 0.05555555555555555
0 0.4390625 0.46111111111111114 0.0765625 0.05555555555555555
0 0.5265625 0.4527777777777778 0.071875 0.06666666666666667
0 0.6140625 0.4583333333333333 0.0734375 0.058333333333333334
2 0.6796875 0.4638888888888889 0.0109375 0.058333333333333334
2 0.665625 0.46111111111111114 0.0125 0.058333333333333334
2 0.853125 0.4638888888888889 0.0109375 0.06111111111111111
2 0.86875 0.4638888888888889 0.0078125 0.06111111111111111
2 0.88125 0.4666666666666667 0.009375 0.05555555555555555
2 0.8953125 0.4666666666666667 0.0109375 0.06388888888888888
2 0.90625 0.4666666666666667 0.0109375 0.06388888888888888
2 0.9234375 0.4666666666666667 0.015625 0.06111111111111111
2 0.9390625 0.4638888888888889 0.0109375 0.06388888888888888
2 0.9515625 0.4666666666666667 0.0125 0.058333333333333334
2 0.9609375 0.46111111111111114 0.009375 0.058333333333333334
2 0.9703125 0.4638888888888889 0.0140625 0.05555555555555555
2 0.990625 0.4666666666666667 0.0109375 0.06111111111111111