1 0.5765625 0.6972222222222222 0.0421875 0.2916666666666667
1 0.6296875 0.8694444444444445 0.046875 0.25833333333333336
1 0.6078125 0.16944444444444445 0.03125 0.18055555555555555
2 0.40625 0.8 0.01875 0.05277777777777778
3 0.6515625 0.5666666666666667 0.0375 0.1388888888888889
0 0.6015625 0.41944444444444445 0.0234375 0.07222222222222222
0 0.6421875 0.3888888888888889 0.0234375 0.075
0 0.471875 0.30833333333333335 0.0203125 0.075
0 0.65625 0.7083333333333334 0.0234375 0.08055555555555556
0 0.6734375 0.9416666666666667 0.03125 0.11388888888888889
0 0.446875 0.5194444444444445 0.021875 0.08888888888888889
3 0.4140625 0.25277777777777777 0.0234375 0.09722222222222222