0 0.4953125 0.4027777777777778 0.053125 0.044444444444444446
0 0.50625 0.475 0.053125 0.05555555555555555
0 0.4375 0.4583333333333333 0.0515625 0.04722222222222222
0 0.4140625 0.3333333333333333 0.05 0.044444444444444446
0 0.33125 0.44722222222222224 0.053125 0.041666666666666664
0 0.2640625 0.3861111111111111 0.053125 0.041666666666666664
0 0.3296875 0.33611111111111114 0.0515625 0.03611111111111111
0 0.2359375 0.12777777777777777 0.05 0.03888888888888889
0 0.2078125 0.3388888888888889 0.0515625 0.03611111111111111
0 0.1421875 0.475 0.0578125 0.03888888888888889
0 0.10625 0.4166666666666667 0.05625 0.041666666666666664
0 0.1046875 0.7916666666666666 0.0390625 0.10277777777777777
0 0.0609375 0.36666666666666664 0.053125 0.03611111111111111
1 0.825 0.5748148138888889 0.7033333328125 0.35555555555555557 0.6608333328125 0.4177777777777778 0.7833333328125 0.64 0.825 0.5748148138888889
0 0.6109562375 0.38048113888888885 0.6068989734375 0.3642520861111111 0.56091665625 0.34261334722222225 0.55854991875 0.3438155 0.553140234375 0.37567253055555555 0.559564234375 0.3882951277777778 0.6035179203125 0.4063274083333333 0.6109562375 0.38048113888888885
0 0.46049938749999997 0.3498262611111111 0.5058054953125 0.36064563055555554 0.507496021875 0.32397999166666663 0.4655709671875 0.31195846944444444 0.46049938749999997 0.3498262611111111