2 0.7625 0.4222222222222222 0.03125 0.027777777777777776
2 0.5484375 0.48333333333333334 0.028125 0.027777777777777776
2 0.33125 0.5055555555555555 0.0296875 0.027777777777777776
2 0.4671875 0.15 0.025 0.03611111111111111
2 0.253125 0.09166666666666666 0.025 0.044444444444444446
0 0.4671875 0.5055555555555555 0.0578125 0.044444444444444446
0 0.4421875 0.4444444444444444 0.0546875 0.044444444444444446
0 0.2953125 0.45555555555555555 0.0546875 0.03888888888888889
0 0.678125 0.4166666666666667 0.0578125 0.03611111111111111
0 0.5546875 0.42777777777777776 0.0703125 0.04722222222222222
1 0.31875 0.575 0.18125 0.08888888888888889
0 0.8546875 0.5055555555555555 0.0546875 0.05555555555555555
0 0.809375 0.4305555555555556 0.053125 0.05
0 0.884375 0.44722222222222224 0.0578125 0.05
0 0.9640625 0.475 0.05625 0.06111111111111111
0 0.84375 0.5638888888888889 0.0609375 0.05277777777777778
3 0.7375 0.5527777777777778 0.0890625 0.05555555555555555
2 0.1515625 0.4722222222222222 0.03125 0.022222222222222223