2 0.5671875 0.1388888888888889 0.0125 0.041666666666666664
2 0.5859375 0.1361111111111111 0.0078125 0.03888888888888889
2 0.5953125 0.1361111111111111 0.0109375 0.03888888888888889
2 0.60625 0.1361111111111111 0.0078125 0.03333333333333333
2 0.615625 0.13333333333333333 0.009375 0.03611111111111111
2 0.6375 0.13333333333333333 0.0078125 0.041666666666666664
2 0.6484375 0.13055555555555556 0.0078125 0.03888888888888889
2 0.6578125 0.12777777777777777 0.0078125 0.03888888888888889
2 0.675 0.12777777777777777 0.0109375 0.041666666666666664
2 0.690625 0.12777777777777777 0.0078125 0.03888888888888889
2 0.703125 0.12777777777777777 0.0109375 0.03611111111111111
2 0.7140625 0.12777777777777777 0.009375 0.03888888888888889
2 0.7234375 0.12777777777777777 0.0078125 0.03888888888888889
2 0.73125 0.125 0.009375 0.041666666666666664
2 0.740625 0.12222222222222222 0.0109375 0.041666666666666664
2 0.7484375 0.125 0.0078125 0.03888888888888889
2 0.7578125 0.125 0.009375 0.041666666666666664
2 0.7671875 0.125 0.009375 0.041666666666666664
2 0.78125 0.125 0.009375 0.041666666666666664
2 0.790625 0.12222222222222222 0.00625 0.03888888888888889
2 0.7984375 0.12222222222222222 0.00625 0.03888888888888889
2 0.80625 0.11944444444444445 0.009375 0.041666666666666664
2 0.8140625 0.11666666666666667 0.009375 0.05