3 0.1875 0.14444444444444443 0.121875 0.10277777777777777
3 0.340625 0.15 0.121875 0.1111111111111111
3 0.484375 0.16944444444444445 0.1171875 0.10555555555555556
0 0.696875 0.18055555555555555 0.0875 0.075
0 0.7703125 0.3138888888888889 0.128125 0.08888888888888889
0 0.4875 0.33055555555555555 0.1046875 0.08055555555555556
0 0.5359375 0.4638888888888889 0.0875 0.06944444444444445
0 0.265625 0.4777777777777778 0.1046875 0.08055555555555556
0 0.065625 0.38055555555555554 0.1125 0.10555555555555556
0 0.2058333328125 0.9081481472222223 0.22833333281249998 0.7303703694444444 0.2308333328125 0.6977777777777777 0.185 0.6903703694444444 0.1525 0.8918518527777778 0.2058333328125 0.9081481472222223
0 0.5566666671875 0.9777777777777777 0.6058333328125001 0.7733333333333333 0.5658333328125 0.7274074083333334 0.5158333328125 0.9377777777777778 0.5566666671875 0.9777777777777777
0 0.4808333328125 0.9644444444444444 0.5358333328125 0.76 0.49833333281250003 0.72 0.4425 0.9259259249999999 0.4808333328125 0.9644444444444444
0 0.4091666671875 0.9525925916666667 0.4608333328125 0.7481481472222222 0.4216666671875 0.7155555555555556 0.36666666718749996 0.9199999999999999 0.4091666671875 0.9525925916666667
0 0.3458333328125 0.9303703694444445 0.38416666718750003 0.7185185194444444 0.3383333328125 0.6918518527777777 0.3 0.9051851861111111 0.3458333328125 0.9303703694444445
0 0.2725 0.934814813888889 0.305 0.7170370361111111 0.25916666718750003 0.6918518527777777 0.2241666671875 0.9125925916666667 0.2725 0.934814813888889