3 0.796875 0.8305555555555556 0.1625 0.11388888888888889
2 0.315625 0.13055555555555556 0.0328125 0.03611111111111111
2 0.253125 0.075 0.0203125 0.06944444444444445
2 0.2265625 0.07222222222222222 0.01875 0.06666666666666667
0 0.54375 0.3888888888888889 0.096875 0.09166666666666666
0 0.61875 0.8305555555555556 0.0984375 0.09722222222222222
0 0.490625 0.825 0.128125 0.09444444444444444
0 0.3453125 0.8166666666666667 0.128125 0.11666666666666667
0 0.2078125 0.7333333333333333 0.1046875 0.08888888888888889
0 0.1015625 0.8166666666666667 0.0953125 0.08888888888888889
0 0.1375 0.375 0.0921875 0.10277777777777777
0 0.2484375 0.38333333333333336 0.1046875 0.10833333333333334
0 0.359375 0.3888888888888889 0.0921875 0.08611111111111111