2 0.23125 0.44722222222222224 0.03125 0.03611111111111111
0 0.925 0.8388888888888889 0.071875 0.06388888888888888
0 0.3484375 0.6027777777777777 0.065625 0.06666666666666667
0 0.1421875 0.55 0.0484375 0.06944444444444445
0 0.1078125 0.3472222222222222 0.040625 0.10555555555555556
0 0.203125 0.38055555555555554 0.0328125 0.11666666666666667
0 0.2421875 0.38055555555555554 0.021875 0.09444444444444444
0 0.2765625 0.36944444444444446 0.021875 0.08333333333333333
0 0.3328125 0.44166666666666665 0.05 0.05
0 0.46875 0.35555555555555557 0.025 0.08333333333333333
0 0.5 0.3611111111111111 0.0234375 0.08055555555555556
0 0.571875 0.35833333333333334 0.0265625 0.09722222222222222
0 0.6 0.35555555555555557 0.0234375 0.08888888888888889
0 0.682532334375 0.28682876944444446 0.699637878125 0.3709251638888889 0.7245570671875 0.3615394055555556 0.7057620859375 0.2751904305555556 0.682532334375 0.28682876944444446
0 0.6426193984374999 0.7426011861111111 0.591302765625 0.7189490749999999 0.5870791734374999 0.7594955527777778 0.6386069859375 0.7876528250000001 0.6426193984374999 0.7426011861111111
0 0.5427314671875 0.60969885 0.486557703125 0.5766609833333333 0.475998725 0.6153303055555556 0.5351290015625 0.6528733388888889 0.5427314671875 0.60969885