1 0.11875 0.7305555555555555 0.2375 0.1361111111111111
3 0.403125 0.6638888888888889 0.2375 0.15
0 0.1859375 0.6138888888888889 0.096875 0.075
0 0.25 0.5277777777777778 0.1015625 0.075
0 0.3671875 0.5194444444444445 0.096875 0.07222222222222222
0 0.503125 0.5194444444444445 0.1078125 0.08333333333333333
0 0.6796875 0.5333333333333333 0.09375 0.07777777777777778
0 0.6546875 0.6361111111111111 0.1015625 0.07222222222222222
0 0.55625 0.18611111111111112 0.0890625 0.07777777777777778
0 0.3640625 0.06944444444444445 0.090625 0.08333333333333333
0 0.0828125 0.09722222222222222 0.0890625 0.07777777777777778
0 0.9383333328125 0.6103703694444444 0.8483333328124999 0.5629629638888889 0.8283333328125 0.6281481472222222 0.925 0.6814814805555556 0.9383333328125 0.6103703694444444
0 1 0.7866666666666666 0.9183333328125001 0.7214814805555556 0.9033333328125 0.7851851861111112 0.9908333328125 0.8577777777777779 1 0.7866666666666666