2 0.9140625 0.8166666666666667 0.021875 0.08333333333333333
2 0.884375 0.7388888888888889 0.0265625 0.06944444444444445
2 0.871875 0.6694444444444444 0.0328125 0.06666666666666667
2 0.821875 0.044444444444444446 0.025 0.04722222222222222
2 0.8296875 0.19166666666666668 0.0140625 0.06666666666666667
2 0.68125 0.325 0.0296875 0.058333333333333334
2 0.671875 0.3388888888888889 0.0296875 0.06111111111111111
2 0.6484375 0.7416666666666667 0.0171875 0.06111111111111111
2 0.621875 0.7416666666666667 0.01875 0.07777777777777778
0 0.6546875 0.5027777777777778 0.08125 0.075
0 0.7203125 0.4111111111111111 0.0734375 0.07222222222222222
0 0.478125 0.49722222222222223 0.0828125 0.06944444444444445
0 0.30625 0.4777777777777778 0.0890625 0.06944444444444445
0 0.371875 0.3138888888888889 0.0828125 0.06388888888888888
3 0.2890625 0.37777777777777777 0.1078125 0.10277777777777777