0 0.33125 0.5638888888888889 0.0171875 0.08333333333333333
2 0.359375 0.2222222222222222 0.0234375 0.022222222222222223
3 0.9807632406250001 0.2719864 0.9134345843749999 0.3147347527777778 0.9212495171875 0.3457273083333333 0.988578175 0.31045991666666667 0.9807632406250001 0.2719864
2 0.8761633625 0.36175794166666664 0.85602488125 0.3799259916666667 0.8593312 0.3922161444444444 0.8785679578125001 0.3745824472222222 0.8761633625 0.36175794166666664
0 0.9714454359375001 0.371910675 0.9257581328125 0.40130016944444447 0.9314690453125 0.43496449722222225 0.9795609437499999 0.40023146111111113 0.9714454359375001 0.371910675
0 0.9044173531249999 0.4477890027777777 0.8644409625 0.49107171111111114 0.8767645125 0.5199268499999999 0.9146368812500001 0.4729036611111111 0.9044173531249999 0.4477890027777777
0 0.8608340703125 0.4403080416666667 0.8262680187500001 0.4862625222222222 0.8388921421875001 0.5071023444444445 0.872255896875 0.4627509277777778 0.8608340703125 0.4403080416666667
0 0.848510521875 0.38794130833333335 0.8175513625 0.42908660000000004 0.8295743375000001 0.45259819166666665 0.8593312 0.41145290277777774 0.848510521875 0.38794130833333335
0 0.8022220703125 0.450460775 0.7700606140625 0.49694961111111113 0.784187609375 0.5204612055555556 0.8133433218749999 0.47397236944444443 0.8022220703125 0.450460775
1 0.8193548093749999 0.5418353805555556 0.7288819265625001 0.6941263916666667 0.7541301734375 0.7347373249999999 0.8491116703125 0.5829806722222222 0.8193548093749999 0.5418353805555556
3 0.7583382140625 0.5236673305555556 0.7168589515625 0.5899272777777778 0.731286521875 0.6145075833333333 0.77366750625 0.5503850527777778 0.7583382140625 0.5242016861111111 0.7583382140625 0.5236673305555556
3 0.6540389109375 0.4098498388888889 0.6155653921875001 0.34091811944444445 0.599033803125 0.3713763222222223 0.6405130640625 0.432292725 0.6540389109375 0.4098498388888889
0 0.7248903125 0.8956319250000001 0.716931496875 0.8145109722222222 0.6988915171875 0.8206422083333333 0.7055238625 0.8998766277777778 0.7248903125 0.8956319250000001
0 0.519552896875 0.8895006916666668 0.46755530937499995 0.8828978222222221 0.4630453140625 0.9182703305555555 0.518226428125 0.9272313666666666 0.519552896875 0.8895006916666668
0 0.40892537500000004 0.25939840000000003 0.35772366875 0.2660012666666667 0.35851955 0.30231704444444446 0.41051713906250004 0.29712907499999996 0.40892537500000004 0.25939840000000003
0 0.5490005109375 0.16507170833333334 0.50628820625 0.1763909111111111 0.5094717328125 0.20940525277777777 0.5537758 0.19667115 0.5490005109375 0.16507170833333334
0 0.552714625 0.28675313888888887 0.4975335109375 0.27307576944444445 0.4951458671875 0.3046752111111111 0.5505922734375 0.3192958472222222 0.552714625 0.28675313888888887
0 0.1781411234375 0.6130767277777778 0.1428075515625 0.5703623666666667 0.1307941375 0.6017699833333333 0.1703677375 0.6394591277777778 0.1781411234375 0.6130767277777778