2 0.6359375 0.4 0.015625 0.08055555555555556
2 0.6015625 0.39166666666666666 0.01875 0.07222222222222222
2 0.584375 0.3972222222222222 0.0140625 0.07777777777777778
2 0.565625 0.4 0.0125 0.06666666666666667
2 0.5484375 0.39444444444444443 0.0140625 0.06666666666666667
2 0.5109375 0.39166666666666666 0.01875 0.075
2 0.490625 0.3861111111111111 0.015625 0.075
2 0.4734375 0.3888888888888889 0.015625 0.07222222222222222
2 0.440625 0.39166666666666666 0.021875 0.075
2 0.4109375 0.3972222222222222 0.01875 0.06944444444444445
2 0.390625 0.3861111111111111 0.0203125 0.06111111111111111
2 0.371875 0.39166666666666666 0.0203125 0.06666666666666667
2 0.35625 0.3888888888888889 0.0171875 0.07222222222222222
2 0.340625 0.38333333333333336 0.0140625 0.06388888888888888
2 0.325 0.3861111111111111 0.0140625 0.07222222222222222
2 0.3109375 0.3888888888888889 0.0140625 0.06944444444444445
2 0.29375 0.3888888888888889 0.0171875 0.06944444444444445
2 0.2765625 0.39166666666666666 0.015625 0.07222222222222222
2 0.2546875 0.39166666666666666 0.0203125 0.06944444444444445
2 0.2375 0.39166666666666666 0.0140625 0.06666666666666667
2 0.221875 0.3888888888888889 0.015625 0.06944444444444445
2 0.2078125 0.3861111111111111 0.0140625 0.06944444444444445
2 0.190625 0.3861111111111111 0.01875 0.08333333333333333