2 0.3640625 0.4 0.015625 0.08055555555555556
2 0.3984375 0.39166666666666666 0.01875 0.07222222222222222
2 0.415625 0.3972222222222222 0.0140625 0.07777777777777778
2 0.434375 0.4 0.0125 0.06666666666666667
2 0.4515625 0.39444444444444443 0.0140625 0.06666666666666667
2 0.4890625 0.39166666666666666 0.01875 0.075
2 0.509375 0.3861111111111111 0.015625 0.075
2 0.5265625 0.3888888888888889 0.015625 0.07222222222222222
2 0.559375 0.39166666666666666 0.021875 0.075
2 0.5890625 0.3972222222222222 0.01875 0.06944444444444445
2 0.609375 0.3861111111111111 0.0203125 0.06111111111111111
2 0.628125 0.39166666666666666 0.0203125 0.06666666666666667
2 0.64375 0.3888888888888889 0.0171875 0.07222222222222222
2 0.659375 0.38333333333333336 0.0140625 0.06388888888888888
2 0.675 0.3861111111111111 0.0140625 0.07222222222222222
2 0.6890625 0.3888888888888889 0.0140625 0.06944444444444445
2 0.70625 0.3888888888888889 0.0171875 0.06944444444444445
2 0.7234375 0.39166666666666666 0.015625 0.07222222222222222
2 0.7453125 0.39166666666666666 0.0203125 0.06944444444444445
2 0.7625 0.39166666666666666 0.0140625 0.06666666666666667
2 0.778125 0.3888888888888889 0.015625 0.06944444444444445
2 0.7921875 0.3861111111111111 0.0140625 0.06944444444444445
2 0.809375 0.3861111111111111 0.01875 0.08333333333333333