2 0.4734375 0.21944444444444444 0.0171875 0.016666666666666666
1 0.1671875 0.7055555555555556 0.1171875 0.05555555555555555
1 0.040625 0.7 0.0796875 0.04722222222222222
3 0.5296875 0.8055555555555556 0.0640625 0.05277777777777778
3 0.8734375 0.6777777777777778 0.08125 0.06666666666666667
0 0.078125 0.6083333333333333 0.0484375 0.030555555555555555
0 0.1078125 0.65 0.0453125 0.03333333333333333
0 0.3234375 0.7833333333333333 0.0390625 0.04722222222222222
0 0.39375 0.8 0.025 0.075
0 0.5015625 0.8527777777777777 0.040625 0.03888888888888889
0 0.590625 0.8444444444444444 0.0359375 0.03611111111111111
0 0.5796875 0.9638888888888889 0.021875 0.06944444444444445
0 0.6125 0.9388888888888889 0.021875 0.09722222222222222
0 0.646875 0.9166666666666666 0.0234375 0.08888888888888889
0 0.80625 0.37777777777777777 0.0453125 0.044444444444444446
0 0.8109375 0.325 0.040625 0.03333333333333333
0 0.153125 0.37222222222222223 0.040625 0.04722222222222222
0 0.3515625 0.5027777777777778 0.0140625 0.06944444444444445
1 0.6606060921875 0.132068975 0.6448549875 0.18054999166666666 0.7468845390625 0.261212375 0.7525267265625 0.2482562388888889 0.7607549171875 0.20980577777777779 0.6606060921875 0.132068975
0 0.7266667015625 0.32473922222222223 0.6918732140625 0.29255785833333336 0.68293975 0.31679836666666666 0.7184385125 0.3481438527777778 0.7266667015625 0.32473922222222223
0 0.6888170296875 0.24951005833333334 0.6432093484375 0.22401573055555554 0.6361566140625 0.2503459388888889 0.6822344765625 0.27709408611111114 0.6888170296875 0.24951005833333334
0 0.5766785578125 0.19517788611111112 0.536007790625 0.17637059444444445 0.5296603296875 0.20688020000000001 0.5712714609375 0.22568749166666666 0.5766785578125 0.19517788611111112
0 0.4062374828125 0.19977522222222222 0.4405607890625 0.17637059444444445 0.43585896718750006 0.14920450833333332 0.400595296875 0.1730270777777778 0.4062374828125 0.19977522222222222
0 0.2336805890625 0.6009974305555555 0.18854309062500002 0.5884592361111112 0.18572199843749998 0.6202226611111111 0.23297531562499998 0.6306711555555555 0.2336805890625 0.6009974305555555
3 0.28234445468749997 0.7272152472222222 0.3027973828125 0.7339022861111111 0.3093799359375 0.6958697638888889 0.24661060156249998 0.6615987 0.24002805 0.6641063388888889 0.22991913125000002 0.7025568 0.28234445468749997 0.7272152472222222