1 0.335 0.6577777777777778 0.4141666671875 0.37629629722222224 0.3716666671875 0.3318518527777778 0.2875 0.6103703694444444 0.335 0.6577777777777778
0 0.1265625 0.7138888888888889 0.071875 0.05555555555555555
0 0.390625 0.25 0.021875 0.08888888888888889
0 0.378125 0.1111111111111111 0.0296875 0.09722222222222222
0 0.4265625 0.5222222222222223 0.0578125 0.06111111111111111
0 0.4625 0.4361111111111111 0.0578125 0.05555555555555555
0 0.51875 0.4777777777777778 0.0546875 0.05555555555555555
0 0.5765625 0.5333333333333333 0.059375 0.058333333333333334
0 0.59375 0.4722222222222222 0.0578125 0.05277777777777778
0 0.55625 0.4027777777777778 0.046875 0.05277777777777778
0 0.640625 0.4083333333333333 0.05 0.05
0 0.7015625 0.4111111111111111 0.05 0.04722222222222222
0 0.7359375 0.4722222222222222 0.059375 0.05
0 0.690625 0.12777777777777777 0.0703125 0.06944444444444445
0 0.95625 0.4527777777777778 0.059375 0.04722222222222222