0 0.4734375 0.5111111111111111 0.0609375 0.05
0 0.5734375 0.42777777777777776 0.0640625 0.05277777777777778
0 0.5578125 0.5027777777777778 0.05625 0.044444444444444446
0 0.6484375 0.5138888888888888 0.0625 0.05277777777777778
0 0.7765625 0.5 0.0625 0.06111111111111111
0 0.8734375 0.5055555555555555 0.071875 0.05277777777777778
0 0.8578125 0.42777777777777776 0.065625 0.04722222222222222
0 0.7609375 0.425 0.0765625 0.04722222222222222
0 0.6765625 0.4361111111111111 0.0578125 0.044444444444444446
0 0.45625 0.43333333333333335 0.0640625 0.05
0 0.3546875 0.5138888888888888 0.0796875 0.05277777777777778