2 0.35625 0.5194444444444445 0.0390625 0.03611111111111111
2 0.1078125 0.4666666666666667 0.0390625 0.030555555555555555
2 0.2109375 0.4361111111111111 0.0203125 0.06666666666666667
2 0.1953125 0.4361111111111111 0.0140625 0.06666666666666667
2 0.1796875 0.43333333333333335 0.0125 0.06388888888888888
2 0.1671875 0.43333333333333335 0.009375 0.06388888888888888
2 0.1484375 0.4361111111111111 0.0234375 0.06388888888888888
0 0.1859375 0.6027777777777777 0.06875 0.06111111111111111
0 0.16875 0.525 0.0734375 0.06111111111111111
0 0.278125 0.5222222222222223 0.0984375 0.06111111111111111
0 0.3109375 0.6027777777777777 0.0921875 0.06666666666666667
0 0.4265625 0.5944444444444444 0.0703125 0.058333333333333334
0 0.484375 0.44166666666666665 0.08125 0.06944444444444445
0 0.540625 0.6 0.08125 0.06388888888888888
0 0.2625 0.44166666666666665 0.0734375 0.05555555555555555
1 0.38125 0.4388888888888889 0.109375 0.07222222222222222
3 0.725 0.5083333333333333 0.134375 0.08055555555555556
0 0.821875 0.6055555555555555 0.0796875 0.06388888888888888
0 0.6515625 0.43333333333333335 0.0828125 0.06111111111111111