2 0.5828125 0.3388888888888889 0.028125 0.03333333333333333
1 0.8116666671875 0.5570370361111111 0.64 0.47851851944444446 0.6258333328125001 0.5674074083333334 0.8016666671875001 0.64 0.8116666671875 0.5570370361111111
1 0.7491666671874999 0.8622222222222221 0.6358333328125 0.6325925916666666 0.5958333328125 0.6829629638888889 0.7075 0.9244444444444445 0.7491666671874999 0.8622222222222221
0 0.89375 0.4666666666666667 0.0546875 0.05
0 0.5078125 0.4361111111111111 0.05625 0.044444444444444446
0 0.4734375 0.325 0.05625 0.04722222222222222
0 0.2171875 0.475 0.071875 0.058333333333333334
0 0.1765625 0.36666666666666664 0.0546875 0.041666666666666664
0 0.0546875 0.40555555555555556 0.0515625 0.044444444444444446
0 0.165625 0.425 0.059375 0.04722222222222222
0 0.328125 0.3194444444444444 0.071875 0.05
0 0.3046875 0.3972222222222222 0.06875 0.05277777777777778
0 0.7131821875 0.4446366277777778 0.7225345203125 0.4460617444444444 0.728680340625 0.42230978888888887 0.7268098734375 0.4047333416666667 0.6741696 0.3714806027777777 0.6672221515625 0.40425830277777774 0.6731007609375 0.42088467222222226 0.7131821875 0.4446366277777778
0 0.23152675625 0.1718661972222222 0.22906370625 0.1412149 0.2213666734375 0.1351941111111111 0.17795540625 0.1603719611111111 0.18195786249999998 0.19375998055555554 0.192117946875 0.19923342500000002 0.23152675625 0.1718661972222222
0 0.6321593937500001 0.47979503333333334 0.63745774375 0.4550694 0.6358020093750001 0.4379969388888889 0.5864611234375 0.40915036666666665 0.5788447453125001 0.4432952888888889 0.5821562140625 0.45212587222222217 0.6321593937500001 0.47979503333333334