2 0.340625 0.2916666666666667 0.05625 0.044444444444444446
2 0.3375 0.3527777777777778 0.059375 0.041666666666666664
2 0.3375 0.40555555555555556 0.059375 0.03888888888888889
2 0.478125 0.4027777777777778 0.06875 0.019444444444444445
2 0.475 0.3638888888888889 0.0625 0.03333333333333333
2 0.475 0.3277777777777778 0.0640625 0.03888888888888889
2 0.4765625 0.28888888888888886 0.0625 0.041666666666666664
2 0.7234375 0.6527777777777778 0.028125 0.09722222222222222
0 0.3890625 0.6611111111111111 0.121875 0.09166666666666666
0 0.0875 0.6555555555555556 0.1046875 0.09166666666666666
0 0.6515625 0.6583333333333333 0.0953125 0.08333333333333333
0 0.875 0.6583333333333333 0.1046875 0.08888888888888889
2 0.646875 0.2916666666666667 0.0453125 0.05277777777777778