0 0.5359375 0.48055555555555557 0.04375 0.14166666666666666
0 0.38125 0.4361111111111111 0.0578125 0.05277777777777778
0 0.084375 0.6638888888888889 0.078125 0.07222222222222222
0 0.209375 0.3194444444444444 0.0890625 0.06388888888888888
0 0.1125 0.3277777777777778 0.0875 0.06666666666666667
0 0.875 0.7416666666666667 0.0953125 0.06111111111111111
0 0.803125 0.6222222222222222 0.0890625 0.04722222222222222
0 0.9 0.42777777777777776 0.1078125 0.06388888888888888
0 0.7046875 0.6277777777777778 0.0625 0.05555555555555555
0 0.75 0.725 0.075 0.05277777777777778
0 0.9734375 0.7583333333333333 0.0515625 0.06111111111111111
2 0.665625 0.6805555555555556 0.0390625 0.03333333333333333
2 0.6703125 0.725 0.0359375 0.03333333333333333
3 0.93125 0.6527777777777778 0.1375 0.10555555555555556
0 0.2720515578125 0.38941675833333333 0.35016839843750003 0.43733248055555557 0.35999010625 0.38738643055555555 0.28507103125 0.3435313638888889 0.2720515578125 0.38941675833333333