2 0.1140625 0.4861111111111111 0.021875 0.06666666666666667
2 0.134375 0.4888888888888889 0.0171875 0.07222222222222222
0 0.06875 0.6027777777777777 0.08125 0.05555555555555555
0 0.209375 0.5 0.08125 0.06388888888888888
0 0.228125 0.8111111111111111 0.1078125 0.07777777777777778
0 0.340625 0.8166666666666667 0.0953125 0.07777777777777778
0 0.4796875 0.8194444444444444 0.0875 0.08055555555555556
0 0.7328125 0.8277777777777777 0.084375 0.075
0 0.759375 0.5111111111111111 0.0796875 0.06111111111111111
0 0.934375 0.5166666666666667 0.084375 0.06111111111111111
3 0.6483333328125 0.5303703694444445 0.6441666671874999 0.5362962972222222 0.6116666671875 0.525925925 0.6025 0.5985185194444445 0.7383333328125 0.6562962972222223 0.7458333328125 0.634074075 0.7516666671875 0.5674074083333334 0.6483333328125 0.5303703694444445