2 0.459656321875 0.3972411861111111 0.43680704062500003 0.42045315555555557 0.4449674984375 0.43627949722222226 0.4657395734375 0.41016603333333335 0.459656321875 0.3972411861111111
2 0.448380053125 0.37640316944444446 0.429536815625 0.40779208055555555 0.4379940171875 0.41966183611111113 0.4557986515625 0.3901193333333333 0.448380053125 0.37640316944444446
2 0.4290917 0.3990875916666667 0.44734145 0.3674349083333333 0.44214843125 0.35609269722222225 0.4215247296875 0.38484388611111114 0.4290917 0.3990875916666667
2 0.41410613124999995 0.3721828111111111 0.4210796140625 0.3816786166666667 0.4390326203125 0.35477383333333334 0.4406647125 0.35503760833333337 0.4332461140625 0.34395916666666665 0.41410613124999995 0.3721828111111111
2 0.41188055312499994 0.37904089166666666 0.4264210046875 0.34316785 0.41929914999999995 0.3352546805555556 0.4040168390625 0.37139149444444447 0.41188055312499994 0.37904089166666666
2 0.3890312703125 0.3922295111111111 0.38932801562499997 0.3917019666666667 0.394817778125 0.37745825833333335 0.3764196546875 0.3542462888888889 0.3701880328125 0.3679624527777778 0.3890312703125 0.3922295111111111
2 0.39763684375 0.3574115583333333 0.37938709375 0.3283965972222222 0.372265240625 0.3415852166666667 0.390218246875 0.36901754166666667 0.39763684375 0.3574115583333333
0 0.83125 0.6361111111111111 0.0453125 0.041666666666666664
0 0.5078125 0.6611111111111111 0.053125 0.04722222222222222
0 0.56875 0.7166666666666667 0.05 0.041666666666666664
0 0.5921875 0.5138888888888888 0.0515625 0.05277777777777778
0 0.6390625 0.4361111111111111 0.05 0.044444444444444446
0 0.3921875 0.6861111111111111 0.0515625 0.044444444444444446
0 0.359375 0.5027777777777778 0.053125 0.044444444444444446
0 0.1984375 0.2111111111111111 0.05625 0.08333333333333333
0 0.165625 0.7138888888888889 0.0578125 0.041666666666666664
0 0.78125 0.4888888888888889 0.0453125 0.041666666666666664
0 0.471875 0.7222222222222222 0.046875 0.03333333333333333