0 0.075 0.5916666666666667 0.04375 0.03611111111111111
0 0.1234375 0.6305555555555555 0.0453125 0.03333333333333333
0 0.146875 0.5888888888888889 0.0421875 0.03611111111111111
0 0.2203125 0.6444444444444445 0.0375 0.03333333333333333
0 0.553125 0.7916666666666666 0.04375 0.03611111111111111
0 0.8875 0.6388888888888888 0.0421875 0.044444444444444446
0 0.7765625 0.5 0.0203125 0.06666666666666667
0 0.6890625 0.26666666666666666 0.0390625 0.04722222222222222
0 0.0296875 0.39444444444444443 0.040625 0.03333333333333333
0 0.409375 0.09166666666666666 0.025 0.07777777777777778
0 0.653125 0.16944444444444445 0.0390625 0.05277777777777778
2 0.33125 0.33611111111111114 0.0125 0.03611111111111111
2 0.2171875 0.5944444444444444 0.021875 0.025
2 0.3671875 0.03888888888888889 0.015625 0.03611111111111111
1 0.0546875 0.6861111111111111 0.109375 0.05277777777777778
0 0.821875 0.26944444444444443 0.0625 0.05555555555555555
0 0.9859375 0.9694444444444444 0.028125 0.05555555555555555
1 0.2875 0.6962962972222222 0.1675 0.6548148138888888 0.1625 0.7096296305555556 0.2783333328125 0.7451851861111111 0.2875 0.6962962972222222
0 0.2483333328125 0.3466666666666667 0.2166666671875 0.37185185277777777 0.2233333328125 0.39703703611111113 0.255 0.37333333333333335 0.2483333328125 0.3466666666666667
0 0.32999999999999996 0.6488888888888888 0.2908333328125 0.6281481472222222 0.2841666671875 0.6562962972222223 0.3233333328125 0.6814814805555556 0.32999999999999996 0.6488888888888888
0 0.4258333328125 0.7274074083333334 0.3866666671875 0.6992592583333332 0.3825 0.7318518527777778 0.4183333328125 0.7555555555555555 0.4258333328125 0.7274074083333334