0 0.075 0.7 0.0578125 0.044444444444444446
0 0.1953125 0.7 0.0625 0.05277777777777778
0 0.275 0.6944444444444444 0.0625 0.05
0 0.2734375 0.5972222222222222 0.0640625 0.05
0 0.2265625 0.525 0.059375 0.03888888888888889
0 0.309375 0.5194444444444445 0.0671875 0.05277777777777778
0 0.3078125 0.4083333333333333 0.03125 0.10277777777777777
0 0.353125 0.41388888888888886 0.028125 0.10277777777777777
0 0.44375 0.6833333333333333 0.065625 0.05
0 0.5140625 0.6944444444444444 0.046875 0.05277777777777778
0 0.475 0.5166666666666667 0.05625 0.05277777777777778
0 0.540625 0.5138888888888888 0.059375 0.058333333333333334
0 0.6203125 0.5111111111111111 0.053125 0.058333333333333334
0 0.8015625 0.5027777777777778 0.05625 0.05277777777777778
0 0.8671875 0.5027777777777778 0.05625 0.05277777777777778
0 0.94375 0.49722222222222223 0.075 0.058333333333333334
0 0.8390625 0.6722222222222223 0.0609375 0.05
0 0.909375 0.6722222222222223 0.0609375 0.04722222222222222
0 0.6359375 0.9361111111111111 0.028125 0.11388888888888889
2 0.5578125 0.7 0.0296875 0.027777777777777776