2 0.5234375 0.65 0.0171875 0.058333333333333334
2 0.2703125 0.3611111111111111 0.025 0.03333333333333333
0 0.6015625 0.35833333333333334 0.06875 0.058333333333333334
0 0.4234375 0.35555555555555557 0.059375 0.05
0 0.5078125 0.25 0.0515625 0.04722222222222222
0 0.7125 0.25277777777777777 0.0625 0.044444444444444446
0 0.690625 0.3416666666666667 0.0453125 0.05
0 0.7859375 0.3638888888888889 0.065625 0.04722222222222222
0 0.3421875 0.35 0.0546875 0.05
0 0.2765625 0.20833333333333334 0.0546875 0.04722222222222222
0 0.146875 0.35 0.0578125 0.05555555555555555
0 0.2171875 0.3472222222222222 0.0578125 0.05277777777777778
0 0.0765625 0.33611111111111114 0.0515625 0.05