0 0.4640625 0.48055555555555557 0.04375 0.14166666666666666
0 0.61875 0.4361111111111111 0.0578125 0.05277777777777778
0 0.915625 0.6638888888888889 0.078125 0.07222222222222222
0 0.790625 0.3194444444444444 0.0890625 0.06388888888888888
0 0.8875 0.3277777777777778 0.0875 0.06666666666666667
0 0.125 0.7416666666666667 0.0953125 0.06111111111111111
0 0.196875 0.6222222222222222 0.0890625 0.04722222222222222
0 0.1 0.42777777777777776 0.1078125 0.06388888888888888
0 0.2953125 0.6277777777777778 0.0625 0.05555555555555555
0 0.25 0.725 0.075 0.05277777777777778
0 0.0265625 0.7583333333333333 0.0515625 0.06111111111111111
2 0.334375 0.6805555555555556 0.0390625 0.03333333333333333
2 0.3296875 0.725 0.0359375 0.03333333333333333
3 0.06875 0.6527777777777778 0.1375 0.10555555555555556
0 0.71492896875 0.3435313638888889 0.6400098937500001 0.38738643055555555 0.6498316015625 0.43733248055555557 0.7279484421875 0.38941675833333333 0.71492896875 0.3435313638888889