1 0.665625 0.7611111111111111 0.275 0.15
2 0.2015625 0.6027777777777777 0.0515625 0.030555555555555555
0 0.0953125 0.8055555555555556 0.084375 0.08055555555555556
0 0.2171875 0.7111111111111111 0.096875 0.07222222222222222
0 0.3140625 0.6222222222222222 0.1125 0.08055555555555556
0 0.390625 0.5277777777777778 0.0875 0.075
0 0.53125 0.6277777777777778 0.0890625 0.07222222222222222
0 0.4171875 0.7166666666666667 0.1 0.08611111111111111
0 0.6828125 0.575 0.1015625 0.09166666666666666
0 0.190625 0.5083333333333333 0.0796875 0.06944444444444445
0 0.04375 0.6027777777777777 0.0859375 0.06944444444444445
0 0.0515625 0.5027777777777778 0.1015625 0.07777777777777778
0 0.9145710781249999 0.6585838777777777 0.9033333328125 0.7185185194444444 0.9966666671875 0.7837037027777778 0.9974999999999999 0.7125925916666668 0.9145710781249999 0.6585838777777777
0 0.8458333328125001 0.7851851861111112 0.9433333328125 0.8637037027777777 0.9558333328125 0.8014814805555557 0.8658333328125 0.725925925 0.8458333328125001 0.7851851861111112