1 0.271875 0.17222222222222222 0.11875 0.06944444444444445
0 0.8671875 0.14722222222222223 0.0359375 0.03611111111111111
0 0.2203125 0.24444444444444444 0.034375 0.03611111111111111
0 0.140625 0.18888888888888888 0.0421875 0.03888888888888889
1 0.9913295859375 0.3647996527777778 0.8656085796875 0.39151737222222227 0.8667646343750001 0.4423838027777778 0.9982659171874999 0.41258326666666667 0.9913295859375 0.3647996527777778
0 0.8841054625 0.30160196666666667 0.84393254375 0.3165022333333333 0.8491347921875001 0.3452751638888889 0.8890186968749999 0.3283196861111111 0.8841054625 0.30160196666666667
0 0.8887296843750001 0.34116474444444445 0.8410424046875 0.35966162777777777 0.8450885984375001 0.3899759666666667 0.8942209453125001 0.3709652805555556 0.8887296843750001 0.34116474444444445
0 0.8277477703124999 0.3308886972222222 0.78584076875 0.3560650111111111 0.7948001953125 0.38226893055555555 0.8346841015625 0.35812022222222223 0.8277477703124999 0.3308886972222222
0 0.7699450078125001 0.37147908055555556 0.73352926875 0.40384862777777775 0.74191066875 0.4269697333333333 0.7774593671875001 0.39357258055555555 0.7699450078125001 0.37147908055555556
0 0.7945111828125 0.40693144166666667 0.756361359375 0.43981479166666665 0.7658988156250001 0.46447730277777777 0.8023145546875 0.4321077555555556 0.7945111828125 0.40693144166666667
0 0.7456678484375 0.4516322444444444 0.71156421875 0.4881122111111111 0.7187895640625 0.5117471166666666 0.754916290625 0.4742395472222222 0.7456678484375 0.4516322444444444
0 0.7026047906249999 0.5148299305555556 0.6716803140625001 0.5615859416666666 0.6829518515624999 0.5847070472222222 0.7118532328125 0.5374372333333334 0.7026047906249999 0.5148299305555556
0 0.7187895640625 0.5502822916666668 0.6884431140625 0.5996073138888889 0.7011597218750001 0.6217008138888889 0.7303501171875 0.5713481861111112 0.7187895640625 0.5502822916666668
0 0.6621428578125 0.561072138888889 0.632085421875 0.6062867444444444 0.6439349875 0.6268388388888889 0.6751484796875 0.5805966277777778 0.6621428578125 0.561072138888889
3 0.7239918125 0.4028210222222222 0.677749603125 0.46601871111111115 0.6924893078125 0.49325023333333334 0.7372864484375 0.43467676666666666 0.7239918125 0.4028210222222222
3 0.67283636875 0.4716705361111111 0.63266345 0.530244 0.64538005625 0.5528513027777777 0.6849749484375 0.49633304722222227 0.6742814375 0.47475334999999996 0.67283636875 0.4716705361111111
3 0.5974037640625001 0.6448219194444444 0.589311378125 0.5497684888888889 0.569947453125 0.5538789083333333 0.5780398390625 0.6494461388888889 0.5974037640625001 0.6448219194444444
0 0.666478065625 0.6283802444444445 0.6358426015624999 0.6756500583333334 0.64538005625 0.6992849666666667 0.677749603125 0.6484185361111111 0.666478065625 0.6283802444444445
3 0.10829294062499999 0.5112066527777778 0.04693361875 0.42923285833333336 0.02297080625 0.46602424722222224 0.0890500765625 0.5518708194444445 0.10829294062499999 0.5112066527777778
3 0.19207803437499998 0.6984250388888888 0.23698628125 0.7635806333333334 0.2504375875 0.7338949916666667 0.20869215468750002 0.6671023027777777 0.1924578203125 0.6976125444444444 0.19207803437499998 0.6984250388888888
0 0.3123667 0.7738503194444445 0.350218075 0.8060940833333333 0.35337235625 0.8032902777777778 0.35968091874999997 0.776654125 0.32104097343750004 0.7486160694444444 0.3123667 0.7738503194444445
0 0.2212866734375 0.6392676555555555 0.2512523453125 0.6869323472222223 0.26702375 0.6602961972222222 0.23311522812500002 0.6126315027777778 0.2212866734375 0.6392676555555555
0 0.147161065625 0.5425363638888888 0.1755495953125 0.5873972527777778 0.17712673750000002 0.5873972527777778 0.1913210015625 0.5635649055555555 0.1621439015625 0.5187040166666667 0.147161065625 0.5425363638888888