2 0.571875 0.7472222222222222 0.021875 0.06666666666666667
2 0.6015625 0.7388888888888889 0.025 0.07777777777777778
2 0.640625 0.7333333333333333 0.0203125 0.075
2 0.6484375 0.5888888888888889 0.04375 0.03611111111111111
0 0.1765625 0.7638888888888888 0.115625 0.07777777777777778
0 0.3015625 0.7555555555555555 0.10625 0.09166666666666666
0 0.375 0.38055555555555554 0.0875 0.07777777777777778
0 0.4875 0.35555555555555557 0.1 0.08888888888888889
0 0.6140625 0.35833333333333334 0.1015625 0.07777777777777778
0 0.75 0.3527777777777778 0.09375 0.07777777777777778
0 0.934375 0.3277777777777778 0.075 0.06111111111111111