1 0.8328125 0.525 0.190625 0.09722222222222222
2 0.878125 0.5888888888888889 0.0328125 0.022222222222222223
2 0.4890625 0.42777777777777776 0.0296875 0.022222222222222223
2 0.45625 0.4305555555555556 0.028125 0.03333333333333333
2 0.41875 0.45 0.03125 0.022222222222222223
0 0.5828125 0.625 0.065625 0.05555555555555555
0 0.5796875 0.5027777777777778 0.0546875 0.058333333333333334
0 0.3734375 0.6083333333333333 0.0625 0.058333333333333334
0 0.4828125 0.6027777777777777 0.078125 0.05277777777777778
0 0.665625 0.4444444444444444 0.0609375 0.041666666666666664
0 0.3015625 0.5888888888888889 0.0625 0.05
0 0.1953125 0.5888888888888889 0.0703125 0.04722222222222222
0 0.20625 0.44166666666666665 0.065625 0.058333333333333334
0 0.8046875 0.6194444444444445 0.065625 0.04722222222222222
0 0.871875 0.6916666666666667 0.0625 0.05277777777777778
0 0.31875 0.4361111111111111 0.0625 0.04722222222222222
0 0.175 0.6694444444444444 0.0796875 0.05
0 0.0390625 0.6638888888888889 0.06875 0.05
0 0.0890625 0.4305555555555556 0.059375 0.04722222222222222
0 0.971875 0.375 0.0296875 0.1
0 0.965625 0.5361111111111111 0.065625 0.05277777777777778