1 0.4953125 0.5444444444444444 0.2625 0.11666666666666667
3 0.446875 0.3888888888888889 0.190625 0.14444444444444443
0 0.275 0.4111111111111111 0.08125 0.06666666666666667
0 0.9578125 0.5166666666666667 0.0828125 0.07222222222222222
0 0.83125 0.5138888888888888 0.090625 0.06944444444444445
0 0.709375 0.5305555555555556 0.090625 0.06666666666666667
0 0.759375 0.39166666666666666 0.1078125 0.08055555555555556
0 0.5984375 0.39444444444444443 0.0859375 0.07222222222222222
0 0.2234375 0.5222222222222223 0.078125 0.075
0 0.103125 0.5388888888888889 0.1046875 0.08055555555555556
0 0.5671875 0.8555555555555555 0.0984375 0.07777777777777778