0 0.865625 0.5694444444444444 0.065625 0.05555555555555555
0 0.8251953125 0.5486111111111112 0.8232421875 0.5486111111111112 0.8212890625 0.5451388888888888 0.7724609375 0.5451388888888888 0.765625 0.5572916666666666 0.765625 0.578125 0.767578125 0.5815972222222222 0.767578125 0.5850694444444444 0.7705078125 0.5868055555555556 0.7724609375 0.5902777777777778 0.7919921875 0.5902777777777778 0.7939453125 0.59375 0.8115234375 0.59375 0.8134765625 0.5902777777777778 0.8154296875 0.5902777777777778 0.8173828125 0.59375 0.8232421875 0.59375 0.82421875 0.5920138888888888 0.8271484375 0.5902777777777778 0.830078125 0.5850694444444444 0.830078125 0.5572916666666666 0.8251953125 0.5486111111111112
0 0.775 0.4777777777777778 0.0671875 0.05555555555555555
0 0.890625 0.48333333333333334 0.0671875 0.05555555555555555
0 0.7234375 0.5638888888888889 0.06875 0.04722222222222222
0 0.6875 0.4777777777777778 0.0671875 0.05
0 0.703125 0.39444444444444443 0.0640625 0.05555555555555555
0 0.628125 0.39166666666666666 0.05625 0.05
0 0.6015625 0.4861111111111111 0.065625 0.058333333333333334
0 0.5265625 0.48333333333333334 0.059375 0.05277777777777778
0 0.4671875 0.5555555555555556 0.0578125 0.05277777777777778
0 0.3984375 0.5555555555555556 0.0640625 0.05555555555555555
0 0.4171875 0.4638888888888889 0.0671875 0.058333333333333334
0 0.4546875 0.3888888888888889 0.053125 0.05277777777777778
0 0.2984375 0.4722222222222222 0.0640625 0.05
0 0.1859375 0.4583333333333333 0.0640625 0.03888888888888889
0 0.1484375 0.5472222222222223 0.0640625 0.058333333333333334
3 0.5075000000000001 0.41925925833333333 0.5875 0.4222222222222222 0.5866666671874999 0.35555555555555557 0.5075000000000001 0.3585185194444444 0.5075000000000001 0.41925925833333333