3 0.8921875 0.6 0.06875 0.044444444444444446
2 0.9484375 0.6 0.021875 0.027777777777777776
2 0.6296875 0.016666666666666666 0.015625 0.027777777777777776
2 0.3234375 0.7333333333333333 0.0203125 0.022222222222222223
0 0.95625 0.6916666666666667 0.0390625 0.030555555555555555
0 0.9265625 0.6472222222222223 0.04375 0.03333333333333333
0 0.8796875 0.6888888888888889 0.0421875 0.03333333333333333
0 0.83125 0.6472222222222223 0.0421875 0.03611111111111111
0 0.7625 0.6277777777777778 0.0421875 0.03888888888888889
0 0.353125 0.875 0.0390625 0.044444444444444446
0 0.3046875 0.5333333333333333 0.021875 0.07777777777777778
0 0.1796875 0.38333333333333336 0.0328125 0.03333333333333333
0 0.478125 0.18333333333333332 0.0484375 0.03611111111111111
0 0.94375 0.46944444444444444 0.040625 0.03333333333333333
1 0.8878735875 0.3533292 0.7925902 0.30028704444444443 0.779597009375 0.3011425611111111 0.7738222593749999 0.34648505 0.87295548125 0.4089379111111111 0.8849862125 0.39696064999999997 0.8878735875 0.3533292
1 0.58056204375 0.8224806694444445 0.4751550125 0.8640926194444445 0.47401404375 0.8891093833333333 0.477436946875 0.9161545361111111 0.58556204375 0.8817399305555556 0.58056204375 0.8224806694444445
1 0.79158329375 0.683566225 0.6892765546875 0.7376565305555556 0.696883003125 0.7856616777777778 0.7079123546874999 0.7849855472222222 0.8090781281250001 0.7308952416666666 0.8064158703125001 0.7072307333333333 0.801471678125 0.6916797722222222 0.7923439390625 0.6822139694444445 0.79158329375 0.683566225
0 0.6812897828125 0.6571972027777778 0.6379330234375 0.6862707416666667 0.6447788265625001 0.7126397638888889 0.6877552640625 0.6842423555555556 0.6812897828125 0.6571972027777778
0 0.588491103125 0.8127068277777778 0.6261430265625 0.780928775 0.6208185125 0.75455975 0.5850682015625 0.780928775 0.588491103125 0.8127068277777778
0 0.54893756875 0.7450939472222221 0.5093840328125 0.7741674861111111 0.51813145 0.8012126388888889 0.555783371875 0.7741674861111111 0.54893756875 0.7450939472222221
3 0.2941215234375 0.7315713722222222 0.231748640625 0.6916797722222222 0.22528315937499999 0.7410371750000001 0.28271185 0.7789003888888888 0.2941215234375 0.7315713722222222
0 0.2781479796875 0.20959993055555554 0.241637025 0.23529282499999998 0.248482828125 0.2603095916666667 0.2857544296875 0.23934960000000002 0.2781479796875 0.20959993055555554
0 0.2123521953125 0.24273024166666665 0.1731789828125 0.26098571944444443 0.178503496875 0.29005925833333335 0.2161554203125 0.2711276527777778 0.2123521953125 0.24273024166666665
0 0.231748640625 0.297496675 0.19751961875 0.3123715111111111 0.20056219999999997 0.34076891944444443 0.23326993125 0.32657021388888885 0.231748640625 0.297496675
0 0.076577078125 0.34009279166666667 0.0362628984375 0.3414450472222222 0.0366432203125 0.36849020000000005 0.0754361109375 0.37187084444444446 0.076577078125 0.34009279166666667
0 0.5804490999999999 0.2606797111111111 0.60851270625 0.281883325 0.6232460984375 0.2581851694444445 0.5888681828125 0.22450884166666668 0.5804490999999999 0.2606797111111111
0 0.661131965625 0.2606797111111111 0.6969130625 0.28437786666666665 0.702525784375 0.2569378972222222 0.6702526375 0.23074519999999998 0.661131965625 0.2606797111111111