0 0.66875 0.5638888888888889 0.0171875 0.08333333333333333
2 0.640625 0.2222222222222222 0.0234375 0.022222222222222223
3 0.086565415625 0.3147347527777778 0.019236759375000002 0.2719864 0.011421825 0.31045991666666667 0.0787504828125 0.3457273083333333 0.086565415625 0.3147347527777778
2 0.14397511875 0.3799259916666667 0.1238366375 0.36175794166666664 0.12143204218749999 0.3745824472222222 0.14066879999999998 0.3922161444444444 0.14397511875 0.3799259916666667
0 0.0742418671875 0.40130016944444447 0.0285545640625 0.371910675 0.02043905625 0.40023146111111113 0.0685309546875 0.43496449722222225 0.0742418671875 0.40130016944444447
0 0.1355590375 0.49107171111111114 0.095582646875 0.4477890027777777 0.08536311875 0.4729036611111111 0.12323548749999999 0.5199268499999999 0.1355590375 0.49107171111111114
0 0.17373198125 0.4862625222222222 0.1391659296875 0.4403080416666667 0.127744103125 0.4627509277777778 0.1611078578125 0.5071023444444445 0.17373198125 0.4862625222222222
0 0.1824486375 0.42908660000000004 0.151489478125 0.38794130833333335 0.14066879999999998 0.41145290277777774 0.1704256625 0.45259819166666665 0.1824486375 0.42908660000000004
0 0.2299393859375 0.49694961111111113 0.19777792968750002 0.450460775 0.186656678125 0.47397236944444443 0.21581239062500002 0.5204612055555556 0.2299393859375 0.49694961111111113
1 0.2711180734375 0.6941263916666667 0.180645190625 0.5418353805555556 0.1508883296875 0.5829806722222222 0.24586982656249998 0.7347373249999999 0.2711180734375 0.6941263916666667
3 0.268713478125 0.6145075833333333 0.2831410484375 0.5899272777777778 0.2416617859375 0.5236673305555556 0.2416617859375 0.5242016861111111 0.22633249375000003 0.5503850527777778 0.268713478125 0.6145075833333333
3 0.3844346078125 0.34091811944444445 0.3459610890625 0.4098498388888889 0.35948693593750003 0.432292725 0.40096619687499996 0.3713763222222223 0.3844346078125 0.34091811944444445
0 0.283068503125 0.8145109722222222 0.2751096875 0.8956319250000001 0.2944761375 0.8998766277777778 0.3011084828125 0.8206422083333333 0.283068503125 0.8145109722222222
0 0.532444690625 0.8828978222222221 0.48044710312500005 0.8895006916666668 0.481773571875 0.9272313666666666 0.5369546859375001 0.9182703305555555 0.532444690625 0.8828978222222221
0 0.6422763312499999 0.2660012666666667 0.591074625 0.25939840000000003 0.5894828609375 0.29712907499999996 0.64148045 0.30231704444444446 0.6422763312499999 0.2660012666666667
0 0.49371179375 0.1763909111111111 0.45099948906250004 0.16507170833333334 0.44622419999999996 0.19667115 0.4905282671875 0.20940525277777777 0.49371179375 0.1763909111111111
0 0.5024664890625 0.27307576944444445 0.447285375 0.28675313888888887 0.4494077265625 0.3192958472222222 0.5048541328125 0.3046752111111111 0.5024664890625 0.27307576944444445
0 0.8571924484375 0.5703623666666667 0.8218588765625 0.6130767277777778 0.8296322625 0.6394591277777778 0.8692058625 0.6017699833333333 0.8571924484375 0.5703623666666667