1 0.5888069421875 0.8577799472222222 0.7080008796875 0.5931358638888888 0.6611561 0.5533467194444444 0.5398801734374999 0.7985588944444444 0.5888069421875 0.8577799472222222
2 0.63125 0.5916666666666667 0.025 0.05555555555555555
0 0.4953125 0.41388888888888886 0.0296875 0.058333333333333334
0 0.5578125 0.38333333333333336 0.0328125 0.06666666666666667
0 0.546875 0.20833333333333334 0.0234375 0.058333333333333334
0 0.596875 0.14166666666666666 0.0203125 0.05
0 0.5640625 0.08055555555555556 0.0234375 0.044444444444444446
0 0.509375 0.13333333333333333 0.0390625 0.030555555555555555
0 0.290625 0.05 0.040625 0.041666666666666664
0 0.434375 0.15555555555555556 0.040625 0.044444444444444446
0 0.45 0.13333333333333333 0.0375 0.030555555555555555
0 0.3859375 0.17777777777777778 0.046875 0.03888888888888889
0 0.9109375 0.20833333333333334 0.025 0.06111111111111111
3 0.7091666671875 0.685925925 0.775 0.7762962972222222 0.8091666671875 0.7170370361111111 0.7391666671875 0.6355555555555555 0.7091666671875 0.685925925