0 0.35 0.7194444444444444 0.0234375 0.08055555555555556
0 0.646875 0.7527777777777778 0.021875 0.08888888888888889
0 0.61875 0.7527777777777778 0.015625 0.09444444444444444
0 0.5890625 0.7611111111111111 0.0203125 0.08888888888888889
0 0.559375 0.7555555555555555 0.0265625 0.09722222222222222
0 0.5125 0.7194444444444444 0.0265625 0.09166666666666666
0 0.48125 0.7194444444444444 0.028125 0.08333333333333333
0 0.453125 0.7138888888888889 0.0203125 0.09166666666666666
0 0.4265625 0.7138888888888889 0.0171875 0.08611111111111111
0 0.4 0.7111111111111111 0.015625 0.08888888888888889
0 0.378125 0.7222222222222222 0.01875 0.07222222222222222
1 0.928125 0.4638888888888889 0.053125 0.2
1 0.9171875 0.7694444444444445 0.06875 0.24166666666666667
1 0.9296875 0.2361111111111111 0.0515625 0.18333333333333332
1 0.7248810859375 0.5152844472222222 0.581763671875 0.5587600305555556 0.59204589375 0.6328661333333333 0.7334959203125 0.5844501444444444 0.7248810859375 0.5152844472222222
1 0.7332180234375001 0.44068430277777776 0.5862100375 0.49008837222222223 0.59788175 0.5572779083333333 0.7379422875 0.5103440416666666 0.7332180234375001 0.44068430277777776
1 0.7068177234374999 0.32557281944444444 0.5806520796875 0.3754709305555555 0.5895448125 0.4480949138888889 0.7154325578125 0.39473851666666665 0.7068177234374999 0.32557281944444444
1 0.70403874375 0.2633236916666667 0.5789846921875 0.3171741277777778 0.5873216296875 0.37843517499999996 0.7104303953125 0.32557281944444444 0.70403874375 0.2633236916666667
1 0.693478625 0.20058052222222222 0.573426734375 0.2648058138888889 0.5856542421875 0.3240906972222222 0.7015376625 0.26134753055555554 0.693478625 0.20058052222222222
1 0.51784715625 0.28950785 0.479497246875 0.09287965 0.44892847812500003 0.10473662777777777 0.487000490625 0.30729331388888886 0.51784715625 0.28950785
1 0.4636570671875 0.30432906944444443 0.42586295312500005 0.12449825555555556 0.4005742453125 0.13833139444444445 0.43586727812500003 0.3265609 0.4636570671875 0.30432906944444443
1 0.37528553750000004 0.15512877777777778 0.40251953125 0.35719142499999995 0.4330882984375 0.34138212222222225 0.40085214375 0.14425988333333334 0.37528553750000004 0.15512877777777778
1 0.12295425 0.4777373555555555 0.196875090625 0.6427469472222223 0.2235532875 0.6032236916666667 0.15018824375 0.4441425888888889 0.12295425 0.4777373555555555