2 0.4390625 0.38055555555555554 0.0234375 0.03333333333333333
3 0.2453125 0.25833333333333336 0.078125 0.08055555555555556
0 0.034375 0.25277777777777777 0.05 0.044444444444444446
0 0.528125 0.20833333333333334 0.021875 0.05555555555555555
0 0.9651249999999999 0.8115555555555556 0.9556250000000001 0.8115555555555556 0.937375 0.8066666666666666 0.9328749999999999 0.8088888888888889 0.9295 0.8144444444444444 0.9279999999999999 0.8224444444444444 0.9279999999999999 0.8357777777777777 0.9289999999999999 0.8428888888888889 0.9317500000000001 0.8508888888888889 0.937625 0.8617777777777778 0.944125 0.8657777777777778 0.953125 0.8622222222222221 0.976375 0.8746666666666667 0.9821249999999999 0.8791111111111112 0.9845 0.8855555555555555 0.9866250000000001 0.888 0.99275 0.8899999999999999 1 0.8864444444444445 0.999875 0.8293333333333334 0.989875 0.8226666666666668 0.9651249999999999 0.8115555555555556
0 0.7587432984375 0.7430655611111111 0.6986523499999999 0.7092591222222222 0.68838364375 0.7498268499999999 0.74999588125 0.7958036083333334 0.7587432984375 0.7430655611111111
0 0.6199256015625 0.6348849527777778 0.5643985234375 0.5821469055555556 0.5480446578125 0.616629475 0.6028110921875001 0.6768049388888889 0.6199256015625 0.6348849527777778
0 0.5853162578125 0.6795094527777777 0.522943375 0.6159533444444444 0.502025640625 0.6531404305555555 0.56706078125 0.7200771805555555 0.5853162578125 0.6795094527777777
0 0.6503513984375 0.7444178194444444 0.6404630140625 0.780928775 0.696370415625 0.8255532750000001 0.7043571875 0.7782242583333333 0.6503513984375 0.7444178194444444
0 0.3244150546875 0.38404116388888887 0.358644075 0.4361030805555555 0.37842084374999996 0.40770567222222226 0.3419098875 0.35361536666666665 0.3244150546875 0.38404116388888887
0 0.311484090625 0.3427973055555556 0.27002894375 0.30899086666666664 0.25405540000000004 0.34009279166666667 0.297412159375 0.3793082611111111 0.311484090625 0.3427973055555556