2 0.4703125 0.9083333333333333 0.0296875 0.05
2 0.4125 0.41944444444444445 0.0328125 0.044444444444444446
2 0.3765625 0.4027777777777778 0.0375 0.03333333333333333
2 0.3484375 0.44722222222222224 0.025 0.05555555555555555
0 0.065625 0.6222222222222222 0.075 0.05
0 0.0359375 0.41388888888888886 0.0703125 0.06111111111111111
0 0.20625 0.41388888888888886 0.08125 0.06111111111111111
0 0.296875 0.41388888888888886 0.0703125 0.058333333333333334
0 0.475 0.4111111111111111 0.0625 0.05277777777777778
0 0.55 0.4111111111111111 0.0609375 0.06388888888888888
0 0.7203125 0.4083333333333333 0.059375 0.058333333333333334
0 0.8234375 0.40555555555555556 0.0734375 0.058333333333333334
0 0.9328125 0.4027777777777778 0.0828125 0.07222222222222222
0 0.7953125 0.5861111111111111 0.1 0.075