1 0.5046875 0.5444444444444444 0.2625 0.11666666666666667
3 0.553125 0.3888888888888889 0.190625 0.14444444444444443
0 0.725 0.4111111111111111 0.08125 0.06666666666666667
0 0.0421875 0.5166666666666667 0.0828125 0.07222222222222222
0 0.16875 0.5138888888888888 0.090625 0.06944444444444445
0 0.290625 0.5305555555555556 0.090625 0.06666666666666667
0 0.240625 0.39166666666666666 0.1078125 0.08055555555555556
0 0.4015625 0.39444444444444443 0.0859375 0.07222222222222222
0 0.7765625 0.5222222222222223 0.078125 0.075
0 0.896875 0.5388888888888889 0.1046875 0.08055555555555556
0 0.4328125 0.8555555555555555 0.0984375 0.07777777777777778