1 0.696875 0.44166666666666665 0.2875 0.15555555555555556
0 0.3421875 0.42777777777777776 0.1046875 0.075
0 0.203125 0.48055555555555557 0.084375 0.08333333333333333
0 0.21875 0.5777777777777777 0.090625 0.07777777777777778
0 0.103125 0.5638888888888889 0.084375 0.08888888888888889
0 0.4265625 0.5138888888888888 0.078125 0.08055555555555556
0 0.3921875 0.6083333333333333 0.0890625 0.058333333333333334
0 0.478125 0.41944444444444445 0.0890625 0.06944444444444445
0 0.625 0.2611111111111111 0.046875 0.1527777777777778
0 0.6375 0.08333333333333333 0.046875 0.12777777777777777
0 0.9484375 0.39166666666666666 0.1 0.06944444444444445
0 0.8640625 0.5583333333333333 0.1046875 0.06944444444444445
0 0.7296875 0.5916666666666667 0.090625 0.07777777777777778
0 0.6 0.6055555555555555 0.1125 0.06666666666666667