0 0.29375 0.4722222222222222 0.0234375 0.09722222222222222
0 0.3625 0.4583333333333333 0.025 0.09722222222222222
0 0.4171875 0.4444444444444444 0.025 0.09166666666666666
0 0.446875 0.45 0.0203125 0.09166666666666666
0 0.4765625 0.45 0.021875 0.10277777777777777
0 0.5109375 0.44166666666666665 0.025 0.10555555555555556
0 0.59375 0.6611111111111111 0.025 0.10833333333333334
0 0.634375 0.6611111111111111 0.021875 0.09722222222222222
0 0.6890625 0.6472222222222223 0.021875 0.08333333333333333
0 0.7140625 0.6388888888888888 0.0265625 0.09444444444444444
0 0.8328125 0.625 0.028125 0.09166666666666666
0 0.8640625 0.6194444444444445 0.0234375 0.08333333333333333
0 0.89375 0.6055555555555555 0.025 0.09722222222222222
0 0.91875 0.6222222222222222 0.028125 0.07777777777777778
0 0.66875 0.41388888888888886 0.025 0.09166666666666666
0 0.7765625 0.4027777777777778 0.0234375 0.08611111111111111
0 0.80625 0.39166666666666666 0.0203125 0.09166666666666666
0 0.8375 0.3861111111111111 0.025 0.09444444444444444
0 0.8890625 0.38055555555555554 0.028125 0.09166666666666666
0 0.6828125 0.23055555555555557 0.0328125 0.08888888888888889
0 0.7140625 0.23333333333333334 0.0328125 0.075
0 0.74375 0.225 0.0328125 0.075
0 0.778125 0.225 0.03125 0.08055555555555556
0 0.8703125 0.20277777777777778 0.0328125 0.08611111111111111
0 0.903125 0.19722222222222222 0.0359375 0.08055555555555556
0 0.9359375 0.19444444444444445 0.03125 0.07777777777777778
0 0.9640625 0.18888888888888888 0.0375 0.07222222222222222
0 0.6375 0.022222222222222223 0.0421875 0.041666666666666664