1 0.58568395625 0.5052296138888889 0.4258912125 0.5431681 0.43213718281249996 0.6319996805555556 0.5914094296875 0.5949865222222221 0.58568395625 0.5052296138888889
3 0.365513496875 0.9281049499999999 0.394661359375 0.7550684333333333 0.355103546875 0.7337858666666667 0.32439419062499997 0.9105236999999999 0.365513496875 0.9281049499999999
3 0.31875 0.17222222222222222 0.03125 0.13055555555555556
2 0.33125 0.31666666666666665 0.0171875 0.041666666666666664
0 0.6703125 0.5527777777777778 0.046875 0.04722222222222222
0 0.65 0.6305555555555555 0.0546875 0.044444444444444446
0 0.775 0.6055555555555555 0.059375 0.044444444444444446
0 0.775 0.5361111111111111 0.053125 0.044444444444444446
0 0.2609375 0.1 0.028125 0.07222222222222222
0 0.109375 0.7277777777777777 0.0609375 0.07222222222222222
0 0.2671875 0.9444444444444444 0.03125 0.1
0 0.30625 0.9333333333333333 0.0296875 0.1111111111111111