0 0.3109375 0.37222222222222223 0.075 0.06388888888888888
0 0.5359375 0.3611111111111111 0.065625 0.07222222222222222
0 0.4625 0.5305555555555556 0.0703125 0.05277777777777778
0 0.56875 0.5277777777777778 0.0875 0.06666666666666667
0 0.659375 0.5361111111111111 0.0734375 0.05277777777777778
0 0.7953125 0.4583333333333333 0.0703125 0.05
0 0.78125 0.5472222222222223 0.084375 0.06666666666666667
0 0.3078125 0.4444444444444444 0.0671875 0.05
0 0.2578125 0.5305555555555556 0.0734375 0.06944444444444445
0 0.15625 0.5333333333333333 0.0859375 0.06388888888888888
0 0.046875 0.5222222222222223 0.0796875 0.05555555555555555
0 0.1671875 0.34444444444444444 0.078125 0.06666666666666667
2 0.1015625 0.4388888888888889 0.0375 0.03888888888888889