2 0.83125 0.3861111111111111 0.046875 0.03611111111111111
2 0.89375 0.5166666666666667 0.046875 0.03611111111111111
0 0.2453125 0.38055555555555554 0.0890625 0.075
0 0.2640625 0.49444444444444446 0.090625 0.06666666666666667
0 0.3890625 0.3861111111111111 0.0796875 0.06111111111111111
0 0.5140625 0.39166666666666666 0.0828125 0.06111111111111111
0 0.4296875 0.49722222222222223 0.084375 0.06388888888888888
0 0.553125 0.49722222222222223 0.08125 0.06666666666666667
0 0.6734375 0.5083333333333333 0.09375 0.06111111111111111
0 0.653125 0.3861111111111111 0.0734375 0.06666666666666667
0 0.8015625 0.5083333333333333 0.090625 0.058333333333333334
0 0.9109375 0.40555555555555556 0.0734375 0.06666666666666667