0 0.2653924875 0.74353125 0.207589725 0.8527142444444444 0.23704690312499999 0.8912494194444444 0.29095909375 0.7805843027777778 0.2653924875 0.74353125
0 0.38711176406250003 0.6555920055555556 0.31458041406250004 0.7119126472222221 0.33403326718750004 0.7618107555555556 0.40295194375000004 0.7035139555555556 0.38711176406250003 0.6555920055555556
0 0.5280059968749999 0.6150806694444445 0.45769782968749995 0.5972952027777778 0.451584075 0.6486754361111111 0.5235596296875 0.667943025 0.5280059968749999 0.6150806694444445
0 0.4401902625 0.5157784888888889 0.38210960312500003 0.582968025 0.40267404687499997 0.6264436055555556 0.4579757265625 0.5538196222222223 0.4401902625 0.5157784888888889
0 0.373772665625 0.4821837222222222 0.31291302656250003 0.5464090111111111 0.33236587968750003 0.5879084305555555 0.3912802328125 0.5251652611111111 0.373772665625 0.4821837222222222
0 0.48159704843749995 0.32705494166666665 0.43602179375 0.4095597388888889 0.4618662984375 0.43722601666666666 0.501605696875 0.3552152611111111 0.48159704843749995 0.32705494166666665
0 0.5941456953124999 0.44858895277777777 0.608596384375 0.3537331388888889 0.5841413703125 0.34533444722222223 0.5677453953125 0.4362379361111111 0.5941456953124999 0.44858895277777777
0 0.6069289984374999 0.349286775 0.624436565625 0.2736985472222222 0.5985920609375001 0.2618415694444444 0.5796950046875 0.33545363333333333 0.6069289984374999 0.349286775
0 0.6216575859375 0.24059781944444447 0.6369419703125 0.15611686111111112 0.61415434375 0.1467300888888889 0.5960909796875 0.22725872222222224 0.6216575859375 0.24059781944444447
0 0.8005939046874999 0.7684871583333333 0.7296374765625 0.6896466833333333 0.7095642765625 0.7319715694444445 0.7805207046875 0.8257502416666667 0.8005939046874999 0.7684871583333333
0 0.7291706578125 0.7792758555555556 0.6731524265625 0.7228426722222222 0.65821423125 0.7643376611111111 0.7132988265625 0.8240904416666666 0.7291706578125 0.7792758555555556
0 0.6026628171875 0.5958680138888889 0.5433768546875 0.5535431249999999 0.5321732078125 0.6016773111111111 0.589591896875 0.6431722972222222 0.6026628171875 0.5958680138888889