2 0.64375 0.5194444444444445 0.0390625 0.03611111111111111
2 0.8921875 0.4666666666666667 0.0390625 0.030555555555555555
2 0.7890625 0.4361111111111111 0.0203125 0.06666666666666667
2 0.8046875 0.4361111111111111 0.0140625 0.06666666666666667
2 0.8203125 0.43333333333333335 0.0125 0.06388888888888888
2 0.8328125 0.43333333333333335 0.009375 0.06388888888888888
2 0.8515625 0.4361111111111111 0.0234375 0.06388888888888888
0 0.8140625 0.6027777777777777 0.06875 0.06111111111111111
0 0.83125 0.525 0.0734375 0.06111111111111111
0 0.721875 0.5222222222222223 0.0984375 0.06111111111111111
0 0.6890625 0.6027777777777777 0.0921875 0.06666666666666667
0 0.5734375 0.5944444444444444 0.0703125 0.058333333333333334
0 0.515625 0.44166666666666665 0.08125 0.06944444444444445
0 0.459375 0.6 0.08125 0.06388888888888888
0 0.7375 0.44166666666666665 0.0734375 0.05555555555555555
1 0.61875 0.4388888888888889 0.109375 0.07222222222222222
3 0.275 0.5083333333333333 0.134375 0.08055555555555556
0 0.178125 0.6055555555555555 0.0796875 0.06388888888888888
0 0.3484375 0.43333333333333335 0.0828125 0.06111111111111111