3 0.1078125 0.6 0.06875 0.044444444444444446
2 0.0515625 0.6 0.021875 0.027777777777777776
2 0.3703125 0.016666666666666666 0.015625 0.027777777777777776
2 0.6765625 0.7333333333333333 0.0203125 0.022222222222222223
0 0.04375 0.6916666666666667 0.0390625 0.030555555555555555
0 0.0734375 0.6472222222222223 0.04375 0.03333333333333333
0 0.1203125 0.6888888888888889 0.0421875 0.03333333333333333
0 0.16875 0.6472222222222223 0.0421875 0.03611111111111111
0 0.2375 0.6277777777777778 0.0421875 0.03888888888888889
0 0.646875 0.875 0.0390625 0.044444444444444446
0 0.6953125 0.5333333333333333 0.021875 0.07777777777777778
0 0.8203125 0.38333333333333336 0.0328125 0.03333333333333333
0 0.521875 0.18333333333333332 0.0484375 0.03611111111111111
0 0.05625 0.46944444444444444 0.040625 0.03333333333333333
1 0.22617774062499998 0.34648505 0.22040299062500002 0.3011425611111111 0.20740980000000003 0.30028704444444443 0.1121264125 0.3533292 0.11501378749999999 0.39696064999999997 0.12704451875 0.4089379111111111 0.22617774062499998 0.34648505
1 0.52598595625 0.8891093833333333 0.5248449875000001 0.8640926194444445 0.41943795625 0.8224806694444445 0.41443795625 0.8817399305555556 0.5225630531250001 0.9161545361111111 0.52598595625 0.8891093833333333
1 0.1935841296875 0.7072307333333333 0.190921871875 0.7308952416666666 0.2920876453125 0.7849855472222222 0.303116996875 0.7856616777777778 0.31072344531249996 0.7376565305555556 0.20841670625000003 0.683566225 0.2076560609375 0.6822139694444445 0.198528321875 0.6916797722222222 0.1935841296875 0.7072307333333333
0 0.36206697656250003 0.6862707416666667 0.3187102171875 0.6571972027777778 0.3122447359375 0.6842423555555556 0.35522117343750004 0.7126397638888889 0.36206697656250003 0.6862707416666667
0 0.3738569734375 0.780928775 0.41150889687500003 0.8127068277777778 0.4149317984375 0.780928775 0.3791814875 0.75455975 0.3738569734375 0.780928775
0 0.4906159671875 0.7741674861111111 0.45106243125 0.7450939472222221 0.44421662812499996 0.7741674861111111 0.48186855 0.8012126388888889 0.4906159671875 0.7741674861111111
3 0.768251359375 0.6916797722222222 0.7058784765625 0.7315713722222222 0.71728815 0.7789003888888888 0.774716840625 0.7410371750000001 0.768251359375 0.6916797722222222
0 0.758362975 0.23529282499999998 0.7218520203125001 0.20959993055555554 0.7142455703125 0.23934960000000002 0.751517171875 0.2603095916666667 0.758362975 0.23529282499999998
0 0.8268210171874999 0.26098571944444443 0.7876478046875001 0.24273024166666665 0.7838445796875 0.2711276527777778 0.8214965031249999 0.29005925833333335 0.8268210171874999 0.26098571944444443
0 0.80248038125 0.3123715111111111 0.768251359375 0.297496675 0.76673006875 0.32657021388888885 0.7994378 0.34076891944444443 0.80248038125 0.3123715111111111
0 0.9637371015625 0.3414450472222222 0.9234229218750001 0.34009279166666667 0.9245638890625001 0.37187084444444446 0.9633567796875001 0.36849020000000005 0.9637371015625 0.3414450472222222
0 0.39148729375 0.281883325 0.41955090000000006 0.2606797111111111 0.4111318171875 0.22450884166666668 0.3767539015625 0.2581851694444445 0.39148729375 0.281883325
0 0.3030869375 0.28437786666666665 0.338868034375 0.2606797111111111 0.3297473625 0.23074519999999998 0.297474215625 0.2569378972222222 0.3030869375 0.28437786666666665