1 0.509375 0.2111111111111111 0.0296875 0.18888888888888888
0 0.4375 0.5722222222222222 0.021875 0.075
0 0.49375 0.4638888888888889 0.0203125 0.07222222222222222
0 0.4453125 0.45 0.021875 0.09166666666666666
0 0.45 0.33611111111111114 0.0203125 0.06944444444444445
0 0.45 0.25 0.0203125 0.05555555555555555
0 0.453125 0.17222222222222222 0.0171875 0.05555555555555555
0 0.4546875 0.10555555555555556 0.0171875 0.058333333333333334
0 0.6390625 0.5277777777777778 0.021875 0.06944444444444445
0 0.6765625 0.8805555555555555 0.05625 0.05
0 0.640625 0.45 0.0234375 0.075
0 0.6328125 0.37222222222222223 0.0234375 0.058333333333333334
0 0.63125 0.3055555555555556 0.01875 0.06944444444444445