2 0.4515625 0.8888888888888888 0.028125 0.07222222222222222
2 0.4828125 0.8861111111111111 0.015625 0.07222222222222222
2 0.5 0.8833333333333333 0.015625 0.08055555555555556
2 0.56875 0.2861111111111111 0.034375 0.03888888888888889
2 0.5765625 0.3333333333333333 0.03125 0.03611111111111111
2 0.4921875 0.36944444444444446 0.0421875 0.022222222222222223
2 0.4921875 0.34444444444444444 0.0390625 0.03333333333333333
2 0.49375 0.3055555555555556 0.034375 0.011111111111111112
2 0.484375 0.2861111111111111 0.03125 0.025
0 0.3453125 0.5416666666666666 0.0765625 0.058333333333333334
0 0.2515625 0.55 0.0625 0.05
0 0.15625 0.5611111111111111 0.084375 0.058333333333333334
0 0.1109375 0.9 0.0875 0.058333333333333334
0 0.7359375 0.5055555555555555 0.08125 0.06944444444444445
0 0.5484375 0.525 0.0828125 0.07222222222222222
0 0.5640625 0.8916666666666667 0.078125 0.058333333333333334
0 0.3390625 0.35833333333333334 0.0765625 0.04722222222222222
0 0.05625 0.5611111111111111 0.06875 0.05277777777777778