2 0.6 0.4388888888888889 0.0296875 0.030555555555555555
2 0.3796875 0.38055555555555554 0.0296875 0.030555555555555555
0 0.615625 0.3972222222222222 0.071875 0.044444444444444446
0 0.759375 0.41388888888888886 0.059375 0.04722222222222222
0 0.4734375 0.37777777777777777 0.0578125 0.03888888888888889
0 0.3703125 0.44166666666666665 0.05625 0.05
0 0.3046875 0.37777777777777777 0.053125 0.044444444444444446
0 0.278125 0.49166666666666664 0.05625 0.05277777777777778
0 0.3390625 0.575 0.0546875 0.05277777777777778
3 0.5078125 0.45 0.1125 0.07222222222222222
3 0.753125 0.5 0.09375 0.06944444444444445
3 0.265625 0.06111111111111111 0.0703125 0.06666666666666667
0 0.5625 0.19722222222222222 0.05625 0.044444444444444446