1 0.3825 0.3437037027777778 0.33999999999999997 0.5970370361111111 0.3783333328125 0.6118518527777778 0.42083333281249996 0.3614814805555555 0.3825 0.3437037027777778
1 0.44749999999999995 0.34962963055555557 0.4225 0.5792592583333334 0.4625 0.585185186111111 0.485 0.35111111111111115 0.44749999999999995 0.34962963055555557
1 0.5966666671875 0.31555555555555553 0.5758333328125 0.5511111111111111 0.6141666671875 0.5599999999999999 0.6358333328125 0.3244444444444444 0.5966666671875 0.31555555555555553
1 0.62 0.5451851861111111 0.6583333328125 0.554074075 0.6725 0.3318518527777778 0.6375 0.32 0.62 0.5451851861111111
1 0.6916666671875 0.5422222222222222 0.7108333328125 0.285925925 0.6708333328125 0.285925925 0.6558333328125 0.5392592583333333 0.6916666671875 0.5422222222222222
1 0.7091666671875 0.24000000000000002 0.7016666671875 0.46222222222222226 0.7383333328125 0.46962963055555557 0.7525000000000001 0.23851851944444447 0.7091666671875 0.24000000000000002
3 0.7640625 0.41944444444444445 0.0328125 0.125
0 0.0984375 0.7944444444444444 0.0484375 0.08888888888888889
0 0.6828125 0.8722222222222222 0.05625 0.058333333333333334
0 0.95625 0.8138888888888889 0.0546875 0.044444444444444446
0 0.409375 0.5388888888888889 0.028125 0.08055555555555556
0 0.35625 0.41944444444444445 0.025 0.075