1 0.621875 0.2916666666666667 0.2171875 0.11388888888888889
3 0.778125 0.7944444444444444 0.078125 0.2861111111111111
0 0.08125 0.3861111111111111 0.0890625 0.06388888888888888
0 0.2359375 0.33055555555555555 0.0734375 0.06111111111111111
0 0.253125 0.41388888888888886 0.0734375 0.06111111111111111
0 0.3890625 0.5416666666666666 0.08125 0.06388888888888888
0 0.4953125 0.5083333333333333 0.078125 0.05555555555555555
0 0.4078125 0.3888888888888889 0.065625 0.06111111111111111
0 0.5015625 0.375 0.0671875 0.058333333333333334
0 0.584375 0.4 0.0765625 0.06111111111111111
0 0.6015625 0.49722222222222223 0.0734375 0.07222222222222222
0 0.665625 0.39166666666666666 0.0734375 0.06111111111111111
0 0.7578125 0.38333333333333336 0.0765625 0.06111111111111111
0 0.91875 0.4305555555555556 0.084375 0.058333333333333334
0 0.7421875 0.11944444444444445 0.0484375 0.12222222222222222
2 0.884375 0.3472222222222222 0.040625 0.041666666666666664
2 0.8484375 0.9527777777777777 0.0390625 0.04722222222222222