1 0.799 0.4664444444444444 0.8039999999999999 0.45311111111111113 0.8074999999999999 0.43977777777777777 0.8082499999999999 0.43133333333333335 0.80575 0.4157777777777778 0.8035 0.4117777777777778 0.7985 0.39444444444444443 0.79225 0.3824444444444445 0.79025 0.3731111111111111 0.76875 0.314 0.765 0.2997777777777778 0.74425 0.24244444444444443 0.7335 0.2082222222222222 0.729625 0.20133333333333334 0.725625 0.19777777777777777 0.715375 0.20355555555555555 0.706125 0.2062222222222222 0.698375 0.21244444444444446 0.690375 0.21066666666666667 0.688 0.2157777777777778 0.6895 0.22555555555555556 0.6895 0.23444444444444446 0.6875 0.25177777777777777 0.6877500000000001 0.258 0.6905 0.2691111111111111 0.6952499999999999 0.2793333333333333 0.70075 0.2997777777777778 0.7175 0.34911111111111115 0.7292500000000001 0.3913333333333333 0.732 0.3962222222222222 0.7342500000000001 0.4126666666666667 0.7422500000000001 0.42866666666666664 0.74475 0.43977777777777777 0.7515 0.45888888888888885 0.753 0.4673333333333334 0.756 0.4708888888888889 0.759 0.48066666666666663 0.760875 0.48355555555555557 0.7715 0.48466666666666663 0.782375 0.48177777777777775 0.788375 0.4782222222222222 0.793875 0.4742222222222222 0.799 0.4664444444444444
0 0.5328125 0.6055555555555555 0.078125 0.07777777777777778
0 0.4640625 0.675 0.0625 0.058333333333333334
0 0.2765625 0.6777777777777778 0.078125 0.06666666666666667
0 0.1390625 0.6694444444444444 0.06875 0.06944444444444445
0 0.384375 0.575 0.071875 0.06944444444444445
0 0.4984375 0.3861111111111111 0.0328125 0.10277777777777777
0 0.5015625 0.2916666666666667 0.03125 0.08333333333333333
0 0.44375 0.15 0.03125 0.1
0 0.503125 0.18055555555555555 0.025 0.08888888888888889
0 0.515625 0.075 0.0328125 0.08611111111111111
2 0.9625 0.24722222222222223 0.021875 0.04722222222222222
2 0.940625 0.2222222222222222 0.021875 0.05277777777777778
0 0.3741666671875 0.365925925 0.3383333328125 0.4651851861111111 0.3691666671875 0.4888888888888889 0.4033333328125 0.3881481472222222 0.3741666671875 0.365925925
0 0.82 0.8266666666666668 0.7441666671875 0.7540740749999999 0.7266666671875 0.8088888888888889 0.8033333328125 0.8844444444444444 0.82 0.8266666666666668