2 0.98125 0.39166666666666666 0.0265625 0.06944444444444445
2 0.5796875 0.4638888888888889 0.046875 0.03333333333333333
2 0.80625 0.15555555555555556 0.040625 0.03888888888888889
2 0.4515625 0.9888888888888889 0.040625 0.022222222222222223
2 0.1765625 0.9638888888888889 0.04375 0.03611111111111111
0 0.228125 0.9833333333333333 0.0453125 0.030555555555555555
0 0.515625 0.32222222222222224 0.1015625 0.1
0 0.5296875 0.5916666666666667 0.090625 0.06944444444444445
0 0.4625 0.6916666666666667 0.08125 0.06111111111111111
0 0.3359375 0.9111111111111111 0.040625 0.14166666666666666
0 0.20625 0.6916666666666667 0.0828125 0.08055555555555556
0 0.0890625 0.6888888888888889 0.103125 0.08333333333333333
0 0.259375 0.34444444444444444 0.084375 0.075
0 0.8046875 0.49444444444444446 0.0890625 0.08055555555555556
0 0.825 0.38055555555555554 0.0765625 0.06388888888888888
0 0.6171875 0.075 0.040625 0.14722222222222223