3 0.3341666671875 0.5881481472222222 0.3875 0.3066666666666667 0.3258333328125 0.285925925 0.27999999999999997 0.5599999999999999 0.3341666671875 0.5881481472222222
3 0.365 0.40740740833333333 0.3275 0.5911111111111111 0.39 0.634074075 0.4216666671875 0.4237037027777778 0.365 0.40740740833333333
3 0.4766666671875 0.43111111111111106 0.4216666671875 0.4133333333333334 0.3891666671875 0.6222222222222222 0.4525 0.64 0.4516666671875 0.6385185194444445 0.4766666671875 0.43111111111111106
3 0.47750000000000004 0.45481481388888884 0.4625 0.6651851861111111 0.5158333328125 0.6725925916666666 0.5225 0.45481481388888884 0.47750000000000004 0.45481481388888884
3 0.575 0.6696296305555556 0.5808333328125 0.5007407416666667 0.53 0.49777777777777776 0.5291666671875 0.6562962972222223 0.575 0.6696296305555556
3 0.6833333328125 0.6844444444444444 0.6741666671875 0.5007407416666667 0.6266666671875 0.5051851861111112 0.6341666671875 0.6903703694444444 0.6833333328125 0.6844444444444444
0 0.53125 0.9611111111111111 0.0796875 0.06666666666666667
0 0.359375 0.8888888888888888 0.071875 0.075
0 0.659375 0.16666666666666666 0.065625 0.08888888888888889
0 0.6046875 0.09166666666666666 0.0515625 0.06944444444444445
0 0.171875 0.125 0.040625 0.11666666666666667
0 0.1265625 0.13055555555555556 0.0421875 0.11944444444444445
0 0.0765625 0.11388888888888889 0.0359375 0.13333333333333333
2 0.7140625 0.9666666666666667 0.04375 0.030555555555555555