2 0.4171875 0.4388888888888889 0.0296875 0.05
2 0.38125 0.4222222222222222 0.0390625 0.03888888888888889
2 0.353125 0.43333333333333335 0.0265625 0.04722222222222222
2 0.4765625 0.925 0.0328125 0.06666666666666667
0 0.0359375 0.4361111111111111 0.071875 0.06944444444444445
0 0.2109375 0.4388888888888889 0.0875 0.06944444444444445
0 0.3015625 0.43333333333333335 0.071875 0.058333333333333334
0 0.478125 0.42777777777777776 0.059375 0.05277777777777778
0 0.5515625 0.42777777777777776 0.0578125 0.05277777777777778
0 0.7265625 0.425 0.0609375 0.06388888888888888
0 0.7109375 0.6111111111111112 0.0765625 0.06666666666666667
0 0.903125 0.6083333333333333 0.065625 0.058333333333333334
0 0.828125 0.41944444444444445 0.071875 0.058333333333333334
0 0.9390625 0.4166666666666667 0.090625 0.06388888888888888
0 0.4390625 0.6138888888888889 0.0703125 0.05277777777777778