1 0.0578125 0.7527777777777778 0.115625 0.06111111111111111
1 0.1203125 0.6888888888888889 0.115625 0.05555555555555555
0 0.371875 0.7694444444444445 0.040625 0.05555555555555555
0 0.728125 0.41944444444444445 0.021875 0.06944444444444445
0 0.8 0.26944444444444443 0.0390625 0.03888888888888889
0 0.771875 0.3111111111111111 0.04375 0.041666666666666664
0 0.7765625 0.5027777777777778 0.0171875 0.06388888888888888
0 0.88125 0.6638888888888889 0.040625 0.03888888888888889
0 0.603125 0.7777777777777778 0.0375 0.041666666666666664
0 0.5640625 0.18333333333333332 0.040625 0.044444444444444446
0 0.365625 0.16111111111111112 0.021875 0.06666666666666667
0 0.3578125 0.5527777777777778 0.0203125 0.06111111111111111
0 0.2796875 0.6888888888888889 0.0421875 0.05
0 0.2734375 0.6277777777777778 0.05 0.05
0 0.2078125 0.6472222222222223 0.0421875 0.044444444444444446
0 0.1625 0.5916666666666667 0.0375 0.03333333333333333
0 0.1203125 0.6305555555555555 0.0390625 0.030555555555555555
0 0.046875 0.6361111111111111 0.04375 0.03333333333333333
0 0.0359375 0.6833333333333333 0.0484375 0.03333333333333333
0 0.0203125 0.5972222222222222 0.040625 0.03333333333333333
0 0.9515625 0.24722222222222223 0.0390625 0.03888888888888889
2 0.625 0.7194444444444444 0.0171875 0.025
3 0.690625 0.42777777777777776 0.028125 0.08888888888888889
0 0.421875 0.7361111111111112 0.04375 0.05
0 0.5109375 0.775 0.0421875 0.044444444444444446
1 0.5316666671875 0.8296296305555556 0.4183333328125 0.7955555555555555 0.41333333281250006 0.8459259250000001 0.525 0.8844444444444444 0.5316666671875 0.8296296305555556
0 0.3183333328125 0.314074075 0.285930565625 0.3379662583333333 0.2947260546875 0.36430129166666664 0.3241666671875 0.3348148138888889 0.3183333328125 0.314074075
0 0.2701009015625 0.28325505 0.30057056718749997 0.24093606944444446 0.28882705 0.21949445277777777 0.2605791296875 0.26181343333333335 0.2701009015625 0.28325505