2 0.515625 0.40555555555555556 0.034375 0.03888888888888889
2 0.64375 0.6 0.021875 0.044444444444444446
0 0.0859375 0.2111111111111111 0.0671875 0.058333333333333334
0 0.115625 0.1111111111111111 0.059375 0.058333333333333334
0 0.5953125 0.46111111111111114 0.065625 0.06111111111111111
0 0.471875 0.44722222222222224 0.0578125 0.05277777777777778
0 0.3416666671875 0.28444444444444444 0.3725 0.36740740833333335 0.3991666671875 0.3392592583333333 0.3625 0.2548148138888889 0.3416666671875 0.28444444444444444
0 0.8016666671875001 0.3051851861111111 0.75 0.3466666666666667 0.7733333328125 0.38666666666666666 0.8191666671875 0.35111111111111115 0.8016666671875001 0.3051851861111111
0 0.9208333328125 0.3066666666666667 0.8691666671875 0.3362962972222222 0.8825 0.38666666666666666 0.9400000000000001 0.35555555555555557 0.9208333328125 0.3066666666666667
0 0.8474999999999999 0.3925925916666667 0.7933333328125001 0.4281481472222222 0.8066666671875 0.474074075 0.865 0.4385185194444445 0.8474999999999999 0.3925925916666667
0 0.22749999999999998 0.29481481388888886 0.1716666671875 0.2518518527777778 0.16 0.2962962972222222 0.21749999999999997 0.3407407416666667 0.22749999999999998 0.29481481388888886
0 0.215 0.12444444444444444 0.1625 0.09925925833333334 0.1575 0.14370370277777778 0.20916666718750002 0.17037036944444445 0.215 0.12444444444444444
3 0.3508333328125 0.2222222222222222 0.3325 0.09629629722222222 0.30583333281249997 0.10814814722222221 0.3225 0.2370370361111111 0.3508333328125 0.2222222222222222