0 0.5609375 0.41944444444444445 0.0328125 0.13333333333333333
0 0.2734375 0.44722222222222224 0.075 0.058333333333333334
0 0.1484375 0.46111111111111114 0.0796875 0.07777777777777778
3 0.1296875 0.5611111111111111 0.1 0.06666666666666667
0 0.0375 0.49166666666666664 0.075 0.058333333333333334
0 0.7078125 0.7722222222222223 0.0734375 0.05555555555555555
0 0.7203125 0.675 0.0703125 0.05555555555555555
0 0.8046875 0.6861111111111111 0.071875 0.04722222222222222
0 0.8796875 0.7083333333333334 0.065625 0.05277777777777778
0 0.9078125 0.8 0.078125 0.044444444444444446
2 0.646875 0.8277777777777777 0.040625 0.03333333333333333