3 0.27534558124999997 0.666065375 0.42671715624999995 0.5930051861111111 0.409593675 0.47367354722222227 0.26096185625 0.5467337333333333 0.27534558124999997 0.666065375
3 0.1203125 0.7388888888888889 0.140625 0.1
0 0.096875 0.6222222222222222 0.1015625 0.06666666666666667
0 0.36875 0.7388888888888889 0.084375 0.08055555555555556
0 0.65625 0.7138888888888889 0.0953125 0.06944444444444445
0 0.64375 0.5888888888888889 0.0765625 0.06666666666666667
0 0.584375 0.4222222222222222 0.065625 0.05555555555555555
0 0.7671875 0.3111111111111111 0.090625 0.06388888888888888
0 0.8625 0.325 0.084375 0.06388888888888888
1 0.871875 0.4222222222222222 0.25625 0.14444444444444443
0 0.8484375 0.6694444444444444 0.0734375 0.06944444444444445