2 0.3875 0.5444444444444444 0.01875 0.06111111111111111
2 0.3578125 0.5416666666666666 0.0171875 0.058333333333333334
2 0.3453125 0.5444444444444444 0.015625 0.058333333333333334
2 0.325 0.5472222222222223 0.0125 0.05555555555555555
2 0.309375 0.5472222222222223 0.01875 0.06111111111111111
2 0.2609375 0.08333333333333333 0.0328125 0.022222222222222223
2 0.259375 0.05555555555555555 0.0328125 0.019444444444444445
2 0.2578125 0.03611111111111111 0.0296875 0.019444444444444445
2 0.271875 0.11944444444444445 0.034375 0.022222222222222223
0 0.8234375 0.4027777777777778 0.0640625 0.05555555555555555
0 0.7328125 0.4305555555555556 0.0796875 0.05277777777777778
0 0.7859375 0.13333333333333333 0.05625 0.05277777777777778
0 0.871875 0.11388888888888889 0.0625 0.044444444444444446
0 0.621875 0.17777777777777778 0.05625 0.05
0 0.55625 0.19722222222222222 0.053125 0.058333333333333334
0 0.4734375 0.2111111111111111 0.05625 0.058333333333333334
0 0.3015625 0.24722222222222223 0.071875 0.05277777777777778