3 0.7890625 0.9277777777777778 0.0453125 0.14444444444444443
3 0.5808333328125 0.40740740833333333 0.5033333328125 0.3525925916666667 0.49083333281249997 0.4207407416666667 0.5650000000000001 0.4666666666666667 0.5808333328125 0.40740740833333333
0 0.7671875 0.5888888888888889 0.0296875 0.10833333333333334
0 0.3546875 0.06944444444444445 0.0296875 0.1111111111111111
0 0.14666666718750002 0.25333333333333335 0.0891666671875 0.24444444444444444 0.0866666671875 0.29185185277777775 0.145 0.2977777777777778 0.14666666718750002 0.25333333333333335
0 0.2325 0.35111111111111115 0.16833333281250001 0.3244444444444444 0.1616666671875 0.36740740833333335 0.22833333281249998 0.4 0.2325 0.35111111111111115
0 0.2666666671875 0.3022222222222222 0.20916666718750002 0.26962963055555556 0.20166666718749998 0.3111111111111111 0.25916666718750003 0.3525925916666667 0.2666666671875 0.3022222222222222
0 0.30333333281249997 0.5466666666666667 0.25833333281250004 0.49777777777777776 0.24500000000000002 0.5318518527777778 0.29500000000000004 0.585185186111111 0.30333333281249997 0.5466666666666667
0 0.3591666671875 0.725925925 0.38333333281250004 0.6992592583333332 0.34249999999999997 0.6103703694444444 0.3375 0.6133333333333334 0.3175 0.6370370361111112 0.3591666671875 0.725925925
0 0.58 0.4962962972222222 0.5141666671875 0.4681481472222222 0.5058333328125 0.514074075 0.5733333328125 0.5466666666666667 0.58 0.4962962972222222
0 0.7575000000000001 0.365925925 0.6966666671875 0.39555555555555555 0.7 0.4444444444444444 0.765 0.4103703694444444 0.7575000000000001 0.365925925
0 0.43916666718749997 0.325925925 0.3808333328125 0.27259259166666666 0.37 0.3066666666666667 0.43166666718749996 0.365925925 0.43916666718749997 0.325925925
0 0.7891666671875 0.6844444444444444 0.7766666671875 0.7955555555555555 0.805 0.8074074083333334 0.8158333328125 0.6874074083333334 0.7891666671875 0.6844444444444444