1 0.5953125 0.6777777777777778 0.0453125 0.2611111111111111
0 0.571875 0.34444444444444444 0.0234375 0.11944444444444445
0 0.528125 0.36944444444444446 0.0265625 0.09722222222222222
0 0.4953125 0.55 0.0265625 0.07222222222222222
0 0.496875 0.6527777777777778 0.0234375 0.08611111111111111
0 0.59375 0.9194444444444444 0.0296875 0.09722222222222222
0 0.809375 0.17222222222222222 0.065625 0.058333333333333334
0 0.7546875 0.08611111111111111 0.0546875 0.04722222222222222
0 0.4828125 0.16944444444444445 0.021875 0.08611111111111111
0 0.9109375 0.09444444444444444 0.046875 0.05
0 0.8484375 0.09444444444444444 0.0546875 0.041666666666666664
1 0.796875 0.09722222222222222 0.025 0.027777777777777776
0 0.5775 0.09777777777777778 0.6183333328125 0.14666666666666667 0.6316666671875 0.11407407500000001 0.5933333328125 0.06962963055555556 0.5775 0.09777777777777778