3 0.415625 0.49166666666666664 0.278125 0.08333333333333333
1 0.1953125 0.6277777777777778 0.20625 0.09722222222222222
0 0.8421875 0.675 0.0609375 0.04722222222222222
0 0.771875 0.6694444444444444 0.06875 0.06111111111111111
0 0.6921875 0.6583333333333333 0.0671875 0.05555555555555555
0 0.6125 0.6555555555555556 0.0765625 0.06388888888888888
0 0.5265625 0.6416666666666667 0.06875 0.06666666666666667
0 0.3890625 0.7333333333333333 0.08125 0.06944444444444445
0 0.284375 0.7166666666666667 0.0734375 0.06388888888888888
0 0.1921875 0.7138888888888889 0.0734375 0.06388888888888888
0 0.1046875 0.7166666666666667 0.0640625 0.05
0 0.0453125 0.6277777777777778 0.078125 0.07222222222222222
3 0.146875 0.7861111111111111 0.1046875 0.07222222222222222
0 0.6671875 0.5083333333333333 0.0765625 0.05
0 0.6578125 0.42777777777777776 0.0546875 0.05
0 0.559375 0.4166666666666667 0.0546875 0.05555555555555555