2 0.878125 0.7527777777777778 0.0125 0.06111111111111111
2 0.89375 0.7555555555555555 0.0140625 0.058333333333333334
2 0.9203125 0.7777777777777778 0.0109375 0.07222222222222222
2 0.1265625 0.35555555555555557 0.0453125 0.03611111111111111
2 0.125 0.2916666666666667 0.04375 0.025
0 0.7078125 0.7138888888888889 0.0640625 0.058333333333333334
0 0.13125 0.75 0.075 0.05
0 0.065625 0.5611111111111111 0.0765625 0.05555555555555555
0 0.634375 0.5638888888888889 0.0578125 0.05555555555555555
0 0.8109375 0.7277777777777777 0.0671875 0.06111111111111111
0 0.1796875 0.11666666666666667 0.040625 0.14722222222222223