2 0.5859375 0.5333333333333333 0.03125 0.022222222222222223
2 0.5890625 0.5083333333333333 0.03125 0.025
2 0.5890625 0.49166666666666664 0.028125 0.019444444444444445
2 0.5875 0.4722222222222222 0.028125 0.013888888888888888
2 0.5875 0.45 0.0234375 0.011111111111111112
2 0.5921875 0.4361111111111111 0.0328125 0.019444444444444445
2 0.5140625 0.4361111111111111 0.0296875 0.013888888888888888
2 0.5125 0.45555555555555555 0.03125 0.016666666666666666
2 0.5109375 0.48333333333333334 0.0328125 0.022222222222222223
2 0.5171875 0.5194444444444445 0.0296875 0.022222222222222223
2 0.58125 0.9666666666666667 0.0109375 0.06388888888888888
2 0.5515625 0.9527777777777777 0.0140625 0.058333333333333334
2 0.5375 0.95 0.009375 0.06388888888888888
2 0.51875 0.9444444444444444 0.015625 0.06111111111111111
2 0.503125 0.9444444444444444 0.0125 0.06944444444444445
0 0.315625 0.6 0.059375 0.05277777777777778
0 0.1671875 0.575 0.0609375 0.058333333333333334
0 0.2453125 0.8805555555555555 0.0578125 0.05277777777777778
0 0.7796875 0.6833333333333333 0.053125 0.05
0 0.396875 0.6166666666666667 0.053125 0.04722222222222222