0 0.5046875 0.4027777777777778 0.053125 0.044444444444444446
0 0.49375 0.475 0.053125 0.05555555555555555
0 0.5625 0.4583333333333333 0.0515625 0.04722222222222222
0 0.5859375 0.3333333333333333 0.05 0.044444444444444446
0 0.66875 0.44722222222222224 0.053125 0.041666666666666664
0 0.7359375 0.3861111111111111 0.053125 0.041666666666666664
0 0.6703125 0.33611111111111114 0.0515625 0.03611111111111111
0 0.7640625 0.12777777777777777 0.05 0.03888888888888889
0 0.7921875 0.3388888888888889 0.0515625 0.03611111111111111
0 0.8578125 0.475 0.0578125 0.03888888888888889
0 0.89375 0.4166666666666667 0.05625 0.041666666666666664
0 0.8953125 0.7916666666666666 0.0390625 0.10277777777777777
0 0.9390625 0.36666666666666664 0.053125 0.03611111111111111
1 0.2166666671875 0.64 0.3391666671875 0.4177777777777778 0.2966666671875 0.35555555555555557 0.175 0.5748148138888889 0.2166666671875 0.64
0 0.43908334375 0.34261334722222225 0.3931010265625 0.3642520861111111 0.3890437625 0.38048113888888885 0.39648207968750004 0.4063274083333333 0.44043576562500003 0.3882951277777778 0.446859765625 0.37567253055555555 0.44145008125 0.3438155 0.43908334375 0.34261334722222225
0 0.5344290328125 0.31195846944444444 0.49250397812499996 0.32397999166666663 0.49419450468750004 0.36064563055555554 0.5395006125 0.3498262611111111 0.5344290328125 0.31195846944444444