0 0.190625 0.4111111111111111 0.0921875 0.06944444444444445
0 0.33125 0.39166666666666666 0.1109375 0.08888888888888889
0 0.4640625 0.375 0.0953125 0.08055555555555556
0 0.590625 0.3638888888888889 0.0921875 0.08055555555555556
0 0.23125 0.7111111111111111 0.11875 0.08333333333333333
0 0.41875 0.6583333333333333 0.1015625 0.08888888888888889
0 0.6359375 0.5222222222222223 0.11875 0.08055555555555556
0 0.7078125 0.6833333333333333 0.0734375 0.06944444444444445
0 0.796875 0.6194444444444445 0.0921875 0.06944444444444445
0 0.9328125 0.525 0.090625 0.075
0 0.878125 0.4111111111111111 0.084375 0.06666666666666667
0 0.88125 0.3138888888888889 0.1125 0.08055555555555556
0 0.740625 0.3527777777777778 0.1203125 0.075
2 0.7328125 0.28055555555555556 0.0421875 0.03888888888888889
3 0.56875 0.6777777777777778 0.121875 0.10277777777777777