2 0.8859375 0.4861111111111111 0.021875 0.06666666666666667
2 0.865625 0.4888888888888889 0.0171875 0.07222222222222222
0 0.93125 0.6027777777777777 0.08125 0.05555555555555555
0 0.790625 0.5 0.08125 0.06388888888888888
0 0.771875 0.8111111111111111 0.1078125 0.07777777777777778
0 0.659375 0.8166666666666667 0.0953125 0.07777777777777778
0 0.5203125 0.8194444444444444 0.0875 0.08055555555555556
0 0.2671875 0.8277777777777777 0.084375 0.075
0 0.240625 0.5111111111111111 0.0796875 0.06111111111111111
0 0.065625 0.5166666666666667 0.084375 0.06111111111111111
3 0.2616666671875 0.6562962972222223 0.3975 0.5985185194444445 0.3883333328125 0.525925925 0.35583333281249996 0.5362962972222222 0.3516666671875 0.5303703694444445 0.2483333328125 0.5674074083333334 0.2541666671875 0.634074075 0.2616666671875 0.6562962972222223