1 0.4058333328125 0.0014814805555555554 0.3433333328125 0.14222222222222222 0.3891666671875 0.17185185277777779 0.4525 0.02814814722222222 0.4058333328125 0.0014814805555555554
0 0.703125 0.5611111111111111 0.0578125 0.03611111111111111
0 0.615625 0.5972222222222222 0.0515625 0.03333333333333333
0 0.703125 0.6138888888888889 0.0546875 0.03888888888888889
0 0.35991730781250003 0.7369804027777778 0.3291111890625 0.8269055333333333 0.352310859375 0.8458371416666667 0.37931375312500004 0.75455975 0.35991730781250003 0.7369804027777778
0 0.299065715625 0.7640255555555555 0.3230260296875 0.6882991277777778 0.3062918421875 0.6734242944444445 0.2804299140625 0.7471223333333333 0.299065715625 0.7640255555555555
0 0.454997921875 0.6781571944444444 0.4751550125 0.5956694805555556 0.45842082343749996 0.5774140027777778 0.43598179843749996 0.6639584916666667 0.454997921875 0.6781571944444444
0 0.37931375312500004 0.5476643361111111 0.403654390625 0.47802306666666666 0.3846382671875 0.4584153333333333 0.3595369859375 0.5294088583333333 0.37931375312500004 0.5476643361111111
0 0.5173708046875001 0.3894501944444444 0.5310624125000001 0.3171044111111111 0.5162298375 0.30425796388888887 0.49645306875 0.3759276166666667 0.5173708046875001 0.3894501944444444
0 0.535245959375 0.2231225083333333 0.5523604703125 0.16091865555555554 0.5379082171875 0.14739608055555556 0.51889209375 0.20959993055555554 0.535245959375 0.2231225083333333
0 0.451194696875 0.36105278333333335 0.47325340000000005 0.2961444194444445 0.4576601796875 0.28059345555555554 0.4356014765625 0.3441495638888889 0.451194696875 0.36105278333333335