1 0.753125 0.12222222222222222 0.115625 0.07222222222222222
1 0.6568835546875 0.7194911777777777 0.7449485046875 0.5723419722222223 0.7237744187499999 0.5321325944444445 0.6316666671875 0.68 0.6568835546875 0.7194911777777777
1 0.472091528125 0.3054201555555556 0.5510131234375 0.4269038027777778 0.5717059796874999 0.3849833888888889 0.49083333281249997 0.26074074166666666 0.472091528125 0.3054201555555556
0 0.896875 0.3138888888888889 0.0515625 0.03888888888888889
0 0.9421875 0.35555555555555557 0.04375 0.03611111111111111
0 0.9671875 0.3 0.04375 0.03611111111111111
0 0.3765625 0.25277777777777777 0.03125 0.025
0 0.246875 0.24444444444444444 0.0484375 0.044444444444444446
0 0.1515625 0.17222222222222222 0.04375 0.03888888888888889
0 0.881909996875 0.35092110555555556 0.8366998078125001 0.3671715194444444 0.8421349125 0.39747634444444446 0.8853687000000001 0.3781515277777778 0.881909996875 0.35092110555555556
0 0.82755895 0.31227147222222223 0.779878259375 0.3399410944444444 0.7853133640625 0.36980672222222216 0.83472340625 0.3408194972222222 0.82755895 0.31227147222222223
0 0.8077949328124999 0.38517873333333336 0.7687609984375 0.4146051611111111 0.7759254546875 0.43963958333333336 0.8129829875000001 0.40889555555555557 0.8077949328124999 0.38517873333333336
0 0.8223708953125 0.4378827805555555 0.7850663124999999 0.4646740027777778 0.79124256875 0.48970842499999995 0.8287942015624999 0.4598428 0.8223708953125 0.4378827805555555
0 0.742079575 0.432612375 0.70601024375 0.4826812194444445 0.716633403125 0.503762838888889 0.751467484375 0.45149799166666665 0.742079575 0.432612375
0 0.6901990312499999 0.5116684444444444 0.6524003484375 0.5665684916666667 0.664999909375 0.5898461111111112 0.7008221906250001 0.5345068638888889 0.6901990312499999 0.5116684444444444
0 0.6632705578125 0.5248444555555556 0.6931636328125 0.4818028194444445 0.682787525 0.46159960000000005 0.6531414984375 0.502445236111111 0.6632705578125 0.5248444555555556
0 0.61880151875 0.6372797527777778 0.5879202421875 0.6847133944444445 0.6000257015625 0.7093086166666667 0.6306599296875001 0.6579221722222222 0.61880151875 0.6372797527777778
0 0.549874509375 0.7066734138888889 0.5822380875000001 0.6552869694444444 0.5696385265624999 0.63420535 0.5390043 0.6816389916666666 0.549874509375 0.7066734138888889
0 0.500217415625 0.777384675 0.46291283281249995 0.8213047138888888 0.4732889421875 0.850731138888889 0.5120758265625 0.8059327 0.500217415625 0.777384675
0 0.42017314531250005 0.8054935000000001 0.3692808015625 0.8059327 0.3682926015625 0.8401903305555556 0.42091429687500004 0.8388727277777779 0.420420196875 0.8054935000000001 0.42017314531250005 0.8054935000000001
3 0.056021129687500004 0.4176795638888889 0.0666442890625 0.42470676944444447 0.0809732015625 0.39571954444444446 0.039221715625 0.3487251027777778 0.023410501562499998 0.37683392777777774 0.056021129687500004 0.4176795638888889
0 0.1681819265625 0.5287972583333332 0.1375477 0.4861948222222222 0.125689290625 0.5046412388888889 0.1573117171875 0.5511964777777778 0.1681819265625 0.5287972583333332
0 0.019210646875 0.4541331944444445 0.050586025 0.4962964305555556 0.061703284375 0.47301881111111116 0.029586756250000002 0.432173175 0.019210646875 0.4541331944444445
3 0.35939879375 0.15899053888888887 0.3438346296875 0.07202886388888889 0.32085895937500003 0.07905606944444445 0.338646575 0.1708489472222222 0.35939879375 0.15899053888888887
0 0.0340196921875 0.18981452222222223 0.0726925328125 0.20625515277777778 0.0777368171875 0.17486849722222222 0.0415861171875 0.15992247222222222 0.0340196921875 0.18981452222222223