2 0.1515625 0.08611111111111111 0.04375 0.05555555555555555
2 0.546875 0.08611111111111111 0.04375 0.03888888888888889
0 0.753125 0.21944444444444444 0.0828125 0.08055555555555556
0 0.765625 0.5 0.078125 0.06666666666666667
0 0.7703125 0.6 0.0828125 0.06666666666666667
0 0.915625 0.5972222222222222 0.096875 0.07222222222222222
0 0.965625 0.5027777777777778 0.05 0.07777777777777778
3 0.6125 0.6055555555555555 0.128125 0.09722222222222222
3 0.496875 0.49444444444444446 0.1296875 0.1111111111111111
0 0.3546875 0.5138888888888888 0.0921875 0.07777777777777778
0 0.390625 0.6333333333333333 0.096875 0.06944444444444445
0 0.2125 0.5444444444444444 0.0578125 0.07222222222222222
0 0.0234375 0.6583333333333333 0.0453125 0.08888888888888889
0 0.16875 0.19444444444444445 0.0765625 0.08333333333333333
0 0.1758333328125 0.714074075 0.2633333328125 0.6651851861111111 0.2525 0.6088888888888888 0.1675 0.6488888888888888 0.1758333328125 0.714074075