0 0.65 0.7194444444444444 0.0234375 0.08055555555555556
0 0.353125 0.7527777777777778 0.021875 0.08888888888888889
0 0.38125 0.7527777777777778 0.015625 0.09444444444444444
0 0.4109375 0.7611111111111111 0.0203125 0.08888888888888889
0 0.440625 0.7555555555555555 0.0265625 0.09722222222222222
0 0.4875 0.7194444444444444 0.0265625 0.09166666666666666
0 0.51875 0.7194444444444444 0.028125 0.08333333333333333
0 0.546875 0.7138888888888889 0.0203125 0.09166666666666666
0 0.5734375 0.7138888888888889 0.0171875 0.08611111111111111
0 0.6 0.7111111111111111 0.015625 0.08888888888888889
0 0.621875 0.7222222222222222 0.01875 0.07222222222222222
1 0.071875 0.4638888888888889 0.053125 0.2
1 0.0828125 0.7694444444444445 0.06875 0.24166666666666667
1 0.0703125 0.2361111111111111 0.0515625 0.18333333333333332
1 0.418236328125 0.5587600305555556 0.2751189140625 0.5152844472222222 0.2665040796875 0.5844501444444444 0.40795410624999995 0.6328661333333333 0.418236328125 0.5587600305555556
1 0.4137899625 0.49008837222222223 0.2667819765625 0.44068430277777776 0.2620577125 0.5103440416666666 0.40211825 0.5572779083333333 0.4137899625 0.49008837222222223
1 0.4193479203125 0.3754709305555555 0.2931822765625 0.32557281944444444 0.2845674421875 0.39473851666666665 0.41045518750000004 0.4480949138888889 0.4193479203125 0.3754709305555555
1 0.42101530781249996 0.3171741277777778 0.29596125624999997 0.2633236916666667 0.2895696046875 0.32557281944444444 0.4126783703125 0.37843517499999996 0.42101530781249996 0.3171741277777778
1 0.426573265625 0.2648058138888889 0.306521375 0.20058052222222222 0.2984623375 0.26134753055555554 0.4143457578125 0.3240906972222222 0.426573265625 0.2648058138888889
1 0.5205027531249999 0.09287965 0.48215284374999995 0.28950785 0.5129995093749999 0.30729331388888886 0.551071521875 0.10473662777777777 0.5205027531249999 0.09287965
1 0.574137046875 0.12449825555555556 0.5363429328125 0.30432906944444443 0.564132721875 0.3265609 0.5994257546874999 0.13833139444444445 0.574137046875 0.12449825555555556
1 0.5974804687499999 0.35719142499999995 0.6247144625 0.15512877777777778 0.59914785625 0.14425988333333334 0.5669117015625 0.34138212222222225 0.5974804687499999 0.35719142499999995
1 0.803124909375 0.6427469472222223 0.87704575 0.4777373555555555 0.8498117562499999 0.4441425888888889 0.7764467125000001 0.6032236916666667 0.803124909375 0.6427469472222223