1 0.4484375 0.5916666666666667 0.2078125 0.12222222222222222
2 0.4484375 0.1361111111111111 0.03125 0.044444444444444446
0 0.65625 0.2111111111111111 0.0609375 0.058333333333333334
0 0.1375 0.5638888888888889 0.0765625 0.06111111111111111
0 0.2453125 0.6027777777777777 0.0765625 0.06111111111111111
0 0.3234375 0.475 0.0578125 0.06944444444444445
0 0.5140625 0.48055555555555557 0.0796875 0.06666666666666667
0 0.2625 0.20555555555555555 0.0640625 0.058333333333333334
0 0.2203125 0.28055555555555556 0.06875 0.06111111111111111
0 0.1703125 0.48333333333333334 0.0796875 0.06944444444444445
0 0.0546875 0.6361111111111111 0.0796875 0.06666666666666667
0 0.9546875 0.7 0.075 0.09722222222222222
1 0.8666666671875 0.6044444444444445 0.6408333328125 0.5303703694444445 0.6258333328125001 0.645925925 0.8541666671874999 0.7333333333333333 0.8666666671875 0.6044444444444445
3 0.7125 0.5333333333333333 0.8858333328124999 0.594074075 0.89 0.48444444444444446 0.7266666671875 0.4222222222222222 0.7125 0.5333333333333333