0 0.44375 0.24444444444444444 0.05 0.05
0 0.484375 0.525 0.0515625 0.05555555555555555
0 0.415625 0.49166666666666664 0.0515625 0.044444444444444446
0 0.3265625 0.46111111111111114 0.0515625 0.044444444444444446
0 0.221875 0.4361111111111111 0.0546875 0.04722222222222222
0 0.1828125 0.5222222222222223 0.0546875 0.06111111111111111
0 0.13125 0.41944444444444445 0.05 0.058333333333333334
2 0.06875 0.3888888888888889 0.0296875 0.030555555555555555
2 0.1140625 0.24444444444444444 0.025 0.027777777777777776
2 0.44375 0.5361111111111111 0.028125 0.025
0 0.5024244421875 0.6269223194444444 0.5484067609375 0.6617847305555555 0.5565212875000001 0.6275233944444445 0.5122294953125001 0.5908577555555555 0.5024244421875 0.6269223194444444
0 0.5744408671875 0.6070868111111112 0.581541078125 0.5692190194444444 0.5328539171875 0.5331544555555556 0.5213583374999999 0.5746287027777778 0.5230488640625001 0.5716233222222222 0.5744408671875 0.6070868111111112
0 0.720502346875 0.744733225 0.696496871875 0.65877935 0.6765486609375 0.6774127083333333 0.7005541359375 0.7633665833333333 0.720502346875 0.744733225
0 0.5805267625 0.7002535972222222 0.6352998171875 0.7537493666666666 0.644428659375 0.715881575 0.5930366578124999 0.6593804249999999 0.5805267625 0.7002535972222222
3 0.726926346875 0.6936417611111112 0.77189435 0.8360967833333334 0.8144956140625 0.8060429833333334 0.76513224375 0.6635879583333333 0.726926346875 0.6936417611111112
0 0.712049715625 0.19955724722222223 0.690072871875 0.2746917555555556 0.7100210828125 0.28971865555555554 0.7306455046875 0.213983075 0.712049715625 0.19955724722222223
0 0.727264453125 0.42435969166666665 0.7465364531249999 0.3360015111111111 0.7232071890625 0.3227778388888889 0.7035970828125 0.4075295611111111 0.727264453125 0.42435969166666665
1 0.8854405249999999 0.16793918055555557 0.9982354953125 0.23310960833333333 0.9996454328125 0.13034085555555555 0.8910802734375001 0.08522286666666666 0.8854405249999999 0.16793918055555557