2 0.5265625 0.21944444444444444 0.0171875 0.016666666666666666
1 0.8328125 0.7055555555555556 0.1171875 0.05555555555555555
1 0.959375 0.7 0.0796875 0.04722222222222222
3 0.4703125 0.8055555555555556 0.0640625 0.05277777777777778
3 0.1265625 0.6777777777777778 0.08125 0.06666666666666667
0 0.921875 0.6083333333333333 0.0484375 0.030555555555555555
0 0.8921875 0.65 0.0453125 0.03333333333333333
0 0.6765625 0.7833333333333333 0.0390625 0.04722222222222222
0 0.60625 0.8 0.025 0.075
0 0.4984375 0.8527777777777777 0.040625 0.03888888888888889
0 0.409375 0.8444444444444444 0.0359375 0.03611111111111111
0 0.4203125 0.9638888888888889 0.021875 0.06944444444444445
0 0.3875 0.9388888888888889 0.021875 0.09722222222222222
0 0.353125 0.9166666666666666 0.0234375 0.08888888888888889
0 0.19375 0.37777777777777777 0.0453125 0.044444444444444446
0 0.1890625 0.325 0.040625 0.03333333333333333
0 0.846875 0.37222222222222223 0.040625 0.04722222222222222
0 0.6484375 0.5027777777777778 0.0140625 0.06944444444444445
1 0.25311546093750004 0.261212375 0.3551450125 0.18054999166666666 0.3393939078125 0.132068975 0.23924508281249998 0.20980577777777779 0.24747327343749997 0.2482562388888889 0.25311546093750004 0.261212375
0 0.3081267859375 0.29255785833333336 0.2733332984375 0.32473922222222223 0.2815614875 0.3481438527777778 0.31706025000000004 0.31679836666666666 0.3081267859375 0.29255785833333336
0 0.3567906515625 0.22401573055555554 0.31118297031250003 0.24951005833333334 0.3177655234375 0.27709408611111114 0.3638433859375 0.2503459388888889 0.3567906515625 0.22401573055555554
0 0.463992209375 0.17637059444444445 0.4233214421875 0.19517788611111112 0.42872853906249997 0.22568749166666666 0.47033967031249996 0.20688020000000001 0.463992209375 0.17637059444444445
0 0.5594392109374999 0.17637059444444445 0.5937625171875001 0.19977522222222222 0.599404703125 0.1730270777777778 0.5641410328124999 0.14920450833333332 0.5594392109374999 0.17637059444444445
0 0.8114569093749999 0.5884592361111112 0.7663194109375 0.6009974305555555 0.767024684375 0.6306711555555555 0.8142780015625 0.6202226611111111 0.8114569093749999 0.5884592361111112
3 0.7533893984375 0.6615987 0.6906200640625 0.6958697638888889 0.6972026171875 0.7339022861111111 0.7176555453125 0.7272152472222222 0.77008086875 0.7025568 0.75997195 0.6641063388888889 0.7533893984375 0.6615987