0 0.50625 0.525 0.065625 0.05
0 0.5890625 0.4361111111111111 0.0734375 0.05277777777777778
0 0.5 0.4444444444444444 0.065625 0.06944444444444445
0 0.41875 0.46944444444444444 0.0578125 0.05277777777777778
0 0.29375 0.45555555555555555 0.0671875 0.05277777777777778
0 0.2140625 0.6222222222222222 0.0703125 0.05555555555555555
2 0.46111115312499995 0.5871395666666667 0.48004768750000004 0.6270810333333333 0.48999739218749994 0.6150985916666667 0.46993750468749995 0.5765836055555555 0.46111115312499995 0.5871395666666667
2 0.5074896156250001 0.6071103 0.48903451875000004 0.5720188666666667 0.48004768750000004 0.5851424916666667 0.49802134843749996 0.6230868861111112 0.5074896156250001 0.6071103
2 0.507971053125 0.6336428444444444 0.53156148125 0.5965543388888889 0.5227351312499999 0.5831454194444444 0.5029962 0.6216604055555556 0.507971053125 0.6336428444444444
0 0.190625 0.4638888888888889 0.065625 0.05
0 0.6875 0.41944444444444445 0.0546875 0.05
0 0.7640625 0.4111111111111111 0.0640625 0.04722222222222222
0 0.7109375 0.5 0.0609375 0.05
0 0.8609375 0.4 0.065625 0.05555555555555555
0 0.8109375 0.33055555555555555 0.0546875 0.05
0 0.740625 0.33611111111111114 0.0546875 0.03888888888888889
0 0.578125 0.35 0.0515625 0.044444444444444446