1 0.709684603125 0.7536568916666667 0.6193064609375 0.8825414694444444 0.6440141546875 0.9351356222222222 0.7366070171875 0.8070818416666666 0.709684603125 0.7536568916666667
1 0.1708333328125 0.6014814805555555 0.0533333328125 0.48740740833333335 0.029166667187500002 0.5481481472222223 0.14750000000000002 0.6711111111111111 0.1708333328125 0.6014814805555555
3 0.334375 0.2972222222222222 0.05625 0.04722222222222222
0 0.140625 0.2722222222222222 0.0453125 0.04722222222222222
0 0.8657331921875 0.1531588 0.821519425 0.16818570277777778 0.8257457421875 0.20055133611111112 0.8693093062499999 0.18783626666666667 0.8657331921875 0.1531588
0 0.9889465578125 0.35024238888888887 0.9437574874999999 0.3733607 0.9492842078124999 0.39994675555555553 0.9947983796875001 0.3745166166666667 0.9889465578125 0.35024238888888887
0 0.8923914937499999 0.3525542222222222 0.8439514109375 0.4016806305555556 0.8527291437500001 0.4300005583333333 0.901494328125 0.3814521083333333 0.8923914937499999 0.3525542222222222
0 0.6407631421875 0.3745166166666667 0.6043518046874999 0.33001386944444444 0.6030514 0.32827999722222223 0.5926481609375001 0.3554440111111111 0.628734396875 0.40283654444444444 0.6407631421875 0.3745166166666667
0 0.8836137609374999 0.42653281111111113 0.83972509375 0.47739309166666666 0.8498032328124999 0.5045571055555556 0.8933667968749999 0.45196295277777776 0.8836137609374999 0.42653281111111113
0 0.8446016125 0.543280275 0.8133918953125001 0.594718513888889 0.8267210453124999 0.6172588666666666 0.8595562687499999 0.564664711111111 0.8446016125 0.543280275
0 0.759425090625 0.5317211194444444 0.727890271875 0.588938936111111 0.74024411875 0.6085895 0.772429140625 0.5519496416666667 0.759425090625 0.5317211194444444
0 0.7672275203125001 0.6299739361111111 0.7334169921875 0.688925625 0.7499971546875 0.7074202722222223 0.7805566703125 0.6455787944444444 0.7672275203125001 0.6299739361111111
0 0.684976909375 0.666385275 0.65116638125 0.7230251333333333 0.6664461390625 0.7467214 0.6976558578125001 0.688925625 0.684976909375 0.666385275
0 0.58809674375 0.8137644972222222 0.5403068625 0.8472860472222223 0.5455084828125 0.8802296388888889 0.5975246796875 0.8432403416666667 0.58809674375 0.8137644972222222
0 0.382076965625 0.7899982027777779 0.345598503125 0.7565903194444445 0.3362025359375 0.7850852777777777 0.3732337015625 0.8224235027777778 0.382076965625 0.7899982027777779
3 0.4523705203125 0.17897834444444444 0.41475556718749995 0.06293743888888889 0.3848848671875 0.08653898055555555 0.4258187875 0.2006130888888889 0.4523705203125 0.17897834444444444