0 0.225 0.6416666666666667 0.10625 0.07777777777777778
0 0.184375 0.46111111111111114 0.1 0.09166666666666666
0 0.0765625 0.41388888888888886 0.103125 0.08055555555555556
0 0.396875 0.775 0.10625 0.075
0 0.51875 0.7694444444444445 0.10625 0.08888888888888889
0 0.5734375 0.3888888888888889 0.0875 0.075
0 0.6875 0.36944444444444446 0.096875 0.08333333333333333
0 0.80625 0.3638888888888889 0.10625 0.08055555555555556
0 0.9390625 0.3638888888888889 0.10625 0.08333333333333333
0 0.7625 0.6277777777777778 0.0890625 0.06944444444444445
2 0.778125 0.7555555555555555 0.021875 0.06944444444444445
2 0.8078125 0.75 0.021875 0.07777777777777778
2 0.846875 0.7444444444444445 0.0234375 0.075