2 0.390625 0.6611111111111111 0.040625 0.03611111111111111
0 0.471875 0.5361111111111111 0.0703125 0.06666666666666667
0 0.4484375 0.6166666666666667 0.075 0.06388888888888888
0 0.7828125 0.5222222222222223 0.084375 0.06944444444444445
0 0.890625 0.5277777777777778 0.084375 0.07222222222222222
0 0.9234375 0.33055555555555555 0.0828125 0.075
0 0.828125 0.325 0.08125 0.075
0 0.5359375 0.3277777777777778 0.08125 0.06944444444444445
0 0.4328125 0.3277777777777778 0.084375 0.075
0 0.328125 0.3277777777777778 0.0890625 0.075
0 0.2203125 0.325 0.084375 0.07222222222222222
0 0.0375 0.44166666666666665 0.075 0.06111111111111111
0 0.053125 0.5638888888888889 0.0875 0.07777777777777778
0 0.85 0.6194444444444445 0.06875 0.06111111111111111