1 0.38069353906250003 0.8825414694444444 0.29031539687499996 0.7536568916666667 0.2633929828125 0.8070818416666666 0.3559858453125 0.9351356222222222 0.38069353906250003 0.8825414694444444
1 0.9466666671875 0.48740740833333335 0.8291666671875 0.6014814805555555 0.8525 0.6711111111111111 0.9708333328125001 0.5481481472222223 0.9466666671875 0.48740740833333335
3 0.665625 0.2972222222222222 0.05625 0.04722222222222222
0 0.859375 0.2722222222222222 0.0453125 0.04722222222222222
0 0.178480575 0.16818570277777778 0.1342668078125 0.1531588 0.13069069375 0.18783626666666667 0.17425425781249998 0.20055133611111112 0.178480575 0.16818570277777778
0 0.056242512499999994 0.3733607 0.0110534421875 0.35024238888888887 0.0052016203125 0.3745166166666667 0.0507157921875 0.39994675555555553 0.056242512499999994 0.3733607
0 0.15604858906250002 0.4016806305555556 0.10760850625 0.3525542222222222 0.098505671875 0.3814521083333333 0.14727085625 0.4300005583333333 0.15604858906250002 0.4016806305555556
0 0.3969486 0.32827999722222223 0.3956481953125 0.33001386944444444 0.3592368578125 0.3745166166666667 0.371265603125 0.40283654444444444 0.4073518390625 0.3554440111111111 0.3969486 0.32827999722222223
0 0.16027490625000002 0.47739309166666666 0.11638623906250001 0.42653281111111113 0.10663320312499999 0.45196295277777776 0.1501967671875 0.5045571055555556 0.16027490625000002 0.47739309166666666
0 0.1866081046875 0.594718513888889 0.15539838749999998 0.543280275 0.14044373125 0.564664711111111 0.17327895468750001 0.6172588666666666 0.1866081046875 0.594718513888889
0 0.272109728125 0.588938936111111 0.24057490937499998 0.5317211194444444 0.22757085937500002 0.5519496416666667 0.25975588125 0.6085895 0.272109728125 0.588938936111111
0 0.2665830078125 0.688925625 0.2327724796875 0.6299739361111111 0.21944332968750002 0.6455787944444444 0.2500028453125 0.7074202722222223 0.2665830078125 0.688925625
0 0.34883361874999996 0.7230251333333333 0.315023090625 0.666385275 0.3023441421875 0.688925625 0.3335538609375 0.7467214 0.34883361874999996 0.7230251333333333
0 0.45969313749999996 0.8472860472222223 0.41190325625 0.8137644972222222 0.4024753203125 0.8432403416666667 0.4544915171875 0.8802296388888889 0.45969313749999996 0.8472860472222223
0 0.654401496875 0.7565903194444445 0.617923034375 0.7899982027777779 0.6267662984375 0.8224235027777778 0.6637974640625 0.7850852777777777 0.654401496875 0.7565903194444445
3 0.5852444328125 0.06293743888888889 0.5476294796875 0.17897834444444444 0.5741812125 0.2006130888888889 0.6151151328125 0.08653898055555555 0.5852444328125 0.06293743888888889