0 0.134375 0.5694444444444444 0.065625 0.05555555555555555
0 0.1728515625 0.5902777777777778 0.17578125 0.5920138888888888 0.1767578125 0.59375 0.1826171875 0.59375 0.1845703125 0.5902777777777778 0.1865234375 0.5902777777777778 0.1884765625 0.59375 0.2060546875 0.59375 0.2080078125 0.5902777777777778 0.2275390625 0.5902777777777778 0.2294921875 0.5868055555555556 0.232421875 0.5850694444444444 0.232421875 0.5815972222222222 0.234375 0.578125 0.234375 0.5572916666666666 0.2275390625 0.5451388888888888 0.1787109375 0.5451388888888888 0.1767578125 0.5486111111111112 0.1748046875 0.5486111111111112 0.169921875 0.5572916666666666 0.169921875 0.5850694444444444 0.1728515625 0.5902777777777778
0 0.225 0.4777777777777778 0.0671875 0.05555555555555555
0 0.109375 0.48333333333333334 0.0671875 0.05555555555555555
0 0.2765625 0.5638888888888889 0.06875 0.04722222222222222
0 0.3125 0.4777777777777778 0.0671875 0.05
0 0.296875 0.39444444444444443 0.0640625 0.05555555555555555
0 0.371875 0.39166666666666666 0.05625 0.05
0 0.3984375 0.4861111111111111 0.065625 0.058333333333333334
0 0.4734375 0.48333333333333334 0.059375 0.05277777777777778
0 0.5328125 0.5555555555555556 0.0578125 0.05277777777777778
0 0.6015625 0.5555555555555556 0.0640625 0.05555555555555555
0 0.5828125 0.4638888888888889 0.0671875 0.058333333333333334
0 0.5453125 0.3888888888888889 0.053125 0.05277777777777778
0 0.7015625 0.4722222222222222 0.0640625 0.05
0 0.8140625 0.4583333333333333 0.0640625 0.03888888888888889
0 0.8515625 0.5472222222222223 0.0640625 0.058333333333333334
3 0.4125 0.4222222222222222 0.4925 0.41925925833333333 0.4925 0.3585185194444444 0.41333333281250006 0.35555555555555557 0.4125 0.4222222222222222