0 0.471875 0.5694444444444444 0.09375 0.07777777777777778
0 0.578125 0.5722222222222222 0.075 0.058333333333333334
0 0.5703125 0.46944444444444444 0.0796875 0.06666666666666667
0 0.5921875 0.3611111111111111 0.0765625 0.06666666666666667
0 0.7015625 0.3638888888888889 0.078125 0.06111111111111111
0 0.8625 0.4666666666666667 0.05625 0.05277777777777778
0 0.909375 0.375 0.05625 0.05555555555555555
0 0.9203125 0.5805555555555556 0.0671875 0.06388888888888888
0 0.8140625 0.5833333333333334 0.06875 0.06666666666666667
0 0.7125 0.5722222222222222 0.0703125 0.06666666666666667
0 0.190625 0.5527777777777778 0.0890625 0.08611111111111111