1 0.4796875 0.4027777777777778 0.184375 0.08611111111111111
3 0.6078125 0.3138888888888889 0.1078125 0.07222222222222222
0 0.6765625 0.4888888888888889 0.06875 0.05555555555555555
0 0.640625 0.4027777777777778 0.065625 0.058333333333333334
0 0.496875 0.33055555555555555 0.0671875 0.05277777777777778
0 0.41875 0.32222222222222224 0.065625 0.05
0 0.3171875 0.3111111111111111 0.0578125 0.041666666666666664
0 0.3140625 0.3972222222222222 0.0578125 0.058333333333333334
0 0.2421875 0.4027777777777778 0.05625 0.04722222222222222
0 0.1796875 0.39444444444444443 0.0515625 0.05277777777777778
0 0.2203125 0.475 0.0640625 0.05277777777777778
0 0.3109375 0.48055555555555557 0.05625 0.041666666666666664
0 0.390625 0.48055555555555557 0.0671875 0.044444444444444446
2 0.1140625 0.3194444444444444 0.03125 0.03333333333333333
0 0.7609375 0.33055555555555555 0.0625 0.044444444444444446
0 0.8609375 0.32222222222222224 0.0625 0.044444444444444446
0 0.9484375 0.31666666666666665 0.0546875 0.03611111111111111
0 0.828125 0.4861111111111111 0.0625 0.03888888888888889
0 0.9765625 0.4777777777777778 0.04375 0.03888888888888889
3 0.734375 0.39444444444444443 0.08125 0.058333333333333334
3 0.225 0.3055555555555556 0.075 0.06666666666666667