0 0.3828125 0.6472222222222223 0.075 0.06944444444444445
0 0.2109375 0.55 0.0640625 0.05555555555555555
0 0.184375 0.6472222222222223 0.075 0.06666666666666667
0 0.5203125 0.6361111111111111 0.071875 0.07222222222222222
0 0.6546875 0.4527777777777778 0.065625 0.05555555555555555
0 0.5609375 0.46111111111111114 0.0765625 0.05555555555555555
0 0.4734375 0.4527777777777778 0.071875 0.06666666666666667
0 0.3859375 0.4583333333333333 0.0734375 0.058333333333333334
2 0.3203125 0.4638888888888889 0.0109375 0.058333333333333334
2 0.334375 0.46111111111111114 0.0125 0.058333333333333334
2 0.146875 0.4638888888888889 0.0109375 0.06111111111111111
2 0.13125 0.4638888888888889 0.0078125 0.06111111111111111
2 0.11875 0.4666666666666667 0.009375 0.05555555555555555
2 0.1046875 0.4666666666666667 0.0109375 0.06388888888888888
2 0.09375 0.4666666666666667 0.0109375 0.06388888888888888
2 0.0765625 0.4666666666666667 0.015625 0.06111111111111111
2 0.0609375 0.4638888888888889 0.0109375 0.06388888888888888
2 0.0484375 0.4666666666666667 0.0125 0.058333333333333334
2 0.0390625 0.46111111111111114 0.009375 0.058333333333333334
2 0.0296875 0.4638888888888889 0.0140625 0.05555555555555555
2 0.009375 0.4666666666666667 0.0109375 0.06111111111111111