1 0.728125 0.17222222222222222 0.11875 0.06944444444444445
0 0.1328125 0.14722222222222223 0.0359375 0.03611111111111111
0 0.7796875 0.24444444444444444 0.034375 0.03611111111111111
0 0.859375 0.18888888888888888 0.0421875 0.03888888888888889
1 0.1343914203125 0.39151737222222227 0.0086704140625 0.3647996527777778 0.0017340828124999999 0.41258326666666667 0.133235365625 0.4423838027777778 0.1343914203125 0.39151737222222227
0 0.15606745625000001 0.3165022333333333 0.1158945375 0.30160196666666667 0.11098130312500001 0.3283196861111111 0.15086520781249999 0.3452751638888889 0.15606745625000001 0.3165022333333333
0 0.1589575953125 0.35966162777777777 0.111270315625 0.34116474444444445 0.1057790546875 0.3709652805555556 0.1549114015625 0.3899759666666667 0.1589575953125 0.35966162777777777
0 0.21415923124999997 0.3560650111111111 0.1722522296875 0.3308886972222222 0.1653158984375 0.35812022222222223 0.20519980468750001 0.38226893055555555 0.21415923124999997 0.3560650111111111
0 0.26647073125 0.40384862777777775 0.2300549921875 0.37147908055555556 0.2225406328125 0.39357258055555555 0.25808933125 0.4269697333333333 0.26647073125 0.40384862777777775
0 0.243638640625 0.43981479166666665 0.2054888171875 0.40693144166666667 0.1976854453125 0.4321077555555556 0.234101184375 0.46447730277777777 0.243638640625 0.43981479166666665
0 0.28843578124999997 0.4881122111111111 0.2543321515625 0.4516322444444444 0.24508370937500001 0.4742395472222222 0.2812104359375 0.5117471166666666 0.28843578124999997 0.4881122111111111
0 0.3283196859375 0.5615859416666666 0.29739520937499997 0.5148299305555556 0.2881467671875 0.5374372333333334 0.3170481484375 0.5847070472222222 0.3283196859375 0.5615859416666666
0 0.3115568859375 0.5996073138888889 0.2812104359375 0.5502822916666668 0.2696498828125 0.5713481861111112 0.298840278125 0.6217008138888889 0.3115568859375 0.5996073138888889
0 0.367914578125 0.6062867444444444 0.33785714218749996 0.561072138888889 0.32485152031250003 0.5805966277777778 0.3560650125 0.6268388388888889 0.367914578125 0.6062867444444444
3 0.322250396875 0.46601871111111115 0.2760081875 0.4028210222222222 0.2627135515625 0.43467676666666666 0.3075106921875 0.49325023333333334 0.322250396875 0.46601871111111115
3 0.35461994375 0.5528513027777777 0.36733655 0.530244 0.32716363125000003 0.4716705361111111 0.3257185625 0.47475334999999996 0.3150250515625 0.49633304722222227 0.35461994375 0.5528513027777777
3 0.410688621875 0.5497684888888889 0.4025962359375 0.6448219194444444 0.4219601609375 0.6494461388888889 0.430052546875 0.5538789083333333 0.410688621875 0.5497684888888889
0 0.3641573984375 0.6756500583333334 0.333521934375 0.6283802444444445 0.322250396875 0.6484185361111111 0.35461994375 0.6992849666666667 0.3641573984375 0.6756500583333334
3 0.95306638125 0.42923285833333336 0.8917070593749999 0.5112066527777778 0.9109499234375 0.5518708194444445 0.97702919375 0.46602424722222224 0.95306638125 0.42923285833333336
3 0.7495624125 0.7338949916666667 0.76301371875 0.7635806333333334 0.8079219656250001 0.6984250388888888 0.8075421796875 0.6976125444444444 0.7913078453125 0.6671023027777777 0.7495624125 0.7338949916666667
0 0.64662764375 0.8032902777777778 0.649781925 0.8060940833333333 0.6876333 0.7738503194444445 0.6789590265625 0.7486160694444444 0.64031908125 0.776654125 0.64662764375 0.8032902777777778
0 0.7487476546875 0.6869323472222223 0.7787133265625 0.6392676555555555 0.766884771875 0.6126315027777778 0.73297625 0.6602961972222222 0.7487476546875 0.6869323472222223
0 0.8228732624999999 0.5873972527777778 0.8244504046875001 0.5873972527777778 0.852838934375 0.5425363638888888 0.8378560984375 0.5187040166666667 0.8086789984375 0.5635649055555555 0.8228732624999999 0.5873972527777778