2 0.93125 0.41944444444444445 0.0453125 0.04722222222222222
0 0.9015625 0.6305555555555555 0.1 0.09166666666666666
0 0.8640625 0.49722222222222223 0.1140625 0.08611111111111111
0 0.7265625 0.4583333333333333 0.10625 0.08055555555555556
0 0.7421875 0.625 0.1140625 0.1
0 0.59375 0.6027777777777777 0.1 0.08055555555555556
0 0.5296875 0.4444444444444444 0.11875 0.09444444444444444
0 0.3328125 0.43333333333333335 0.103125 0.08333333333333333
0 0.278125 0.55 0.1140625 0.08055555555555556
0 0.1890625 0.42777777777777776 0.1 0.075
0 0.0765625 0.43333333333333335 0.096875 0.08333333333333333
0 0.09375 0.5555555555555556 0.09375 0.06944444444444445