1 0.39375 0.6305555555555555 0.15625 0.09166666666666666
1 0.2140625 0.2722222222222222 0.14375 0.08611111111111111
1 0.603125 0.275 0.1390625 0.08055555555555556
1 0.9640625 0.275 0.0703125 0.075
0 0.9734375 0.39444444444444443 0.0515625 0.03611111111111111
0 0.6578125 0.38055555555555554 0.0421875 0.05
0 0.43125 0.36666666666666664 0.046875 0.05
0 0.2 0.5416666666666666 0.05 0.044444444444444446
2 0.0921875 0.7638888888888888 0.0109375 0.05
2 0.078125 0.7694444444444445 0.0125 0.04722222222222222
2 0.28125 0.7944444444444444 0.025 0.022222222222222223
2 0.2765625 0.8361111111111111 0.025 0.019444444444444445
2 0.2703125 0.9 0.025 0.016666666666666666
2 0.2640625 0.9222222222222223 0.0234375 0.016666666666666666
2 0.0203125 0.7555555555555555 0.015625 0.044444444444444446