1 0.1703125 0.5 0.1640625 0.08333333333333333
1 0.3716666671875 0.22370370277777776 0.3675 0.23259259166666668 0.42000000000000004 0.5066666666666667 0.4691666671875 0.4725925916666667 0.40750000000000003 0.21037036944444445 0.3716666671875 0.22370370277777776
0 0.9109375 0.6722222222222223 0.034375 0.10833333333333334
0 0.8171875 0.7611111111111111 0.0328125 0.1111111111111111
0 0.659375 0.5666666666666667 0.0578125 0.05277777777777778
0 0.3109375 0.4027777777777778 0.0578125 0.04722222222222222
0 0.2328125 0.3861111111111111 0.05625 0.05
0 0.1546875 0.38055555555555554 0.059375 0.03888888888888889
2 0.1015625 0.38055555555555554 0.03125 0.03888888888888889
0 0.7659138609375 0.5277767 0.7747428390625 0.5675071 0.8177841078125001 0.5415106638888889 0.821094975 0.5297386944444444 0.811162375 0.4998182666666666 0.7659138609375 0.5277767
0 0.9513224046875 0.4507683888888889 0.95518508125 0.4439014055555556 0.9427693312500001 0.41447147777777776 0.8997280625 0.45469237777777777 0.9091088515625 0.4880462972222222 0.9206968859375 0.4831413083333333 0.9513224046875 0.4507683888888889
0 0.10845135624999999 0.21014967222222222 0.1416279921875 0.18685477777777776 0.1444159453125 0.17892460277777777 0.14246437812499999 0.15562971111111112 0.1352157015625 0.14621262499999998 0.0897720734375 0.17446387777777778 0.09367520781250001 0.20420203888888888 0.098693521875 0.21064530833333334 0.10845135624999999 0.21014967222222222