1 0.8975 0.6177777777777778 1 0.522962963888889 0.9891666671875001 0.4607407416666667 0.8758333328125 0.5614814805555556 0.8975 0.6177777777777778
1 0.005 0.42666666666666664 0.1341666671875 0.5377777777777778 0.1525 0.474074075 0.0258333328125 0.365925925 0.005 0.42666666666666664
0 0.8109375 0.25 0.0484375 0.03611111111111111
0 0.696875 0.28055555555555556 0.0546875 0.03333333333333333
0 0.8328125 0.18888888888888888 0.0578125 0.044444444444444446
0 0.03100226875 0.3142385777777778 0.07125894375 0.3380943861111111 0.0749607078125 0.3093028944444444 0.037943075 0.2870923138888889 0.03100226875 0.3142385777777778
0 0.12539723281249998 0.3899190722222222 0.1614894265625 0.42775931944444445 0.1702811140625 0.4080165833333333 0.1351143625 0.3660632638888889 0.12539723281249998 0.3899190722222222
0 0.15223501718750002 0.5017945888888888 0.19758161875 0.5610228 0.2072987484375 0.5314086944444445 0.163803028125 0.47464832222222225 0.15223501718750002 0.5017945888888888
0 0.2072987484375 0.579942925 0.24107733750000002 0.6325902250000001 0.25357078906249997 0.6087344166666666 0.21840403749999998 0.5585549583333334 0.2072987484375 0.579942925
0 0.2299720484375 0.5445705194444445 0.26328791875 0.5947499777777778 0.27393048750000004 0.5676037138888889 0.24107733750000002 0.5182468694444444 0.2299720484375 0.5445705194444445
0 0.3322332609375 0.5330539222222223 0.34750303437499996 0.4738257083333334 0.3322332609375 0.4598412694444444 0.31650076718750003 0.5198920972222223 0.3322332609375 0.5330539222222223
0 0.41644837656249994 0.35290143888888886 0.456705053125 0.3191742611111111 0.44513704374999996 0.2903827694444444 0.403954925 0.32493256111111113 0.41644837656249994 0.35290143888888886
3 0.173982878125 0.463131725 0.21516499531250002 0.527295625 0.23182292968749998 0.5067302722222222 0.1906408125 0.43763068888888884 0.173982878125 0.463131725
3 0.285035778125 0.7584501805555555 0.307709078125 0.7584501805555555 0.317888928125 0.6696078583333334 0.2993801109375 0.6654947888888889 0.2915138640625 0.7140290194444445 0.285035778125 0.7584501805555555
3 0.643644103125 0.7888869 0.6857516609375 0.7337717583333333 0.67233276875 0.7033350361111111 0.6320760921875 0.754337111111111 0.643644103125 0.7888869
0 0.6950060687499999 0.7321265305555557 0.7037977578125 0.7576275666666666 0.7394272296875 0.7173194749999999 0.7301728203125 0.690995825 0.7195302515625001 0.6975767388888888 0.6950060687499999 0.7321265305555557
0 0.631613371875 0.8777292222222223 0.6630783609375 0.8374211305555556 0.6510476296875 0.8127427083333334 0.6209708015625 0.8505829555555555 0.631613371875 0.8777292222222223
0 0.827344109375 0.6095570333333333 0.8634363015625001 0.5634906444444444 0.85094285 0.5388122222222222 0.8167015390625 0.5824107666666667 0.827344109375 0.6095570333333333
3 0.9379342890625001 0.2615912777777778 0.9999388250000001 0.23938069722222224 0.9962370625 0.2007178361111111 0.9328443640625 0.22621887222222223 0.9379342890625001 0.2615912777777778