2 0.5796875 0.3527777777777778 0.0328125 0.027777777777777776
2 0.046875 0.6361111111111111 0.0296875 0.03611111111111111
2 0.0140625 0.6388888888888888 0.0265625 0.030555555555555555
0 0.1171875 0.4666666666666667 0.0609375 0.05
0 0.0328125 0.4722222222222222 0.065625 0.05555555555555555
0 0.1015625 0.6111111111111112 0.06875 0.05
0 0.196875 0.4666666666666667 0.0609375 0.05277777777777778
0 0.171875 0.6222222222222222 0.06875 0.06111111111111111
0 0.2921875 0.6111111111111112 0.0640625 0.04722222222222222
0 0.33125 0.525 0.0625 0.05555555555555555
0 0.290625 0.4583333333333333 0.06875 0.05277777777777778
0 0.3 0.38333333333333336 0.0671875 0.04722222222222222
0 0.3984375 0.38055555555555554 0.0578125 0.05
0 0.403125 0.45 0.0640625 0.05277777777777778
0 0.3984375 0.6 0.0578125 0.06944444444444445
0 0.4859375 0.6083333333333333 0.071875 0.06111111111111111
0 0.5 0.45555555555555555 0.0625 0.05
0 0.5875 0.5277777777777778 0.065625 0.05277777777777778
0 0.5734375 0.6166666666666667 0.0640625 0.05277777777777778
0 0.6546875 0.6194444444444445 0.0640625 0.05277777777777778
0 0.6828125 0.45 0.05625 0.05277777777777778
0 0.609375 0.44722222222222224 0.05625 0.04722222222222222
0 0.6921875 0.37777777777777777 0.0546875 0.044444444444444446
0 0.7765625 0.44166666666666665 0.0765625 0.058333333333333334
0 0.8640625 0.4444444444444444 0.078125 0.05277777777777778
0 0.8578125 0.6055555555555555 0.0578125 0.04722222222222222
0 0.9078125 0.36666666666666664 0.059375 0.044444444444444446
0 0.9640625 0.44166666666666665 0.0640625 0.06388888888888888