2 0.16875 0.3861111111111111 0.046875 0.03611111111111111
2 0.10625 0.5166666666666667 0.046875 0.03611111111111111
0 0.7546875 0.38055555555555554 0.0890625 0.075
0 0.7359375 0.49444444444444446 0.090625 0.06666666666666667
0 0.6109375 0.3861111111111111 0.0796875 0.06111111111111111
0 0.4859375 0.39166666666666666 0.0828125 0.06111111111111111
0 0.5703125 0.49722222222222223 0.084375 0.06388888888888888
0 0.446875 0.49722222222222223 0.08125 0.06666666666666667
0 0.3265625 0.5083333333333333 0.09375 0.06111111111111111
0 0.346875 0.3861111111111111 0.0734375 0.06666666666666667
0 0.1984375 0.5083333333333333 0.090625 0.058333333333333334
0 0.0890625 0.40555555555555556 0.0734375 0.06666666666666667