2 0.3390625 0.6888888888888889 0.0328125 0.025
2 0.8328125 0.4638888888888889 0.0296875 0.019444444444444445
2 0.7296875 0.4861111111111111 0.028125 0.019444444444444445
2 0.5125 0.7777777777777778 0.009375 0.05
2 0.4984375 0.7777777777777778 0.0078125 0.05
0 0.428125 0.5777777777777777 0.065625 0.058333333333333334
0 0.346875 0.5888888888888889 0.0546875 0.05277777777777778
0 0.534375 0.5638888888888889 0.0546875 0.05277777777777778
0 0.6171875 0.5583333333333333 0.0625 0.05
0 0.6 0.7055555555555556 0.08125 0.05277777777777778
0 0.6953125 0.7083333333333334 0.0640625 0.05555555555555555
0 0.725 0.5611111111111111 0.08125 0.058333333333333334
0 0.91875 0.5333333333333333 0.0671875 0.05555555555555555
3 0.1640625 0.5833333333333334 0.1125 0.07777777777777778