1 0.6234375 0.6944444444444444 0.159375 0.08888888888888889
1 0.7671875 0.32222222222222224 0.15 0.075
3 0.6484375 0.3888888888888889 0.08125 0.06111111111111111
0 0.4328125 0.2388888888888889 0.0484375 0.044444444444444446
0 0.403125 0.3611111111111111 0.046875 0.05555555555555555
0 0.475 0.44722222222222224 0.04375 0.041666666666666664
0 0.5046875 0.3861111111111111 0.046875 0.044444444444444446
0 0.5703125 0.45 0.0484375 0.041666666666666664
0 0.2609375 0.5111111111111111 0.0234375 0.08888888888888889
0 0.2125 0.42777777777777776 0.0265625 0.08333333333333333
0 0.0765625 0.08611111111111111 0.0453125 0.044444444444444446
0 0.959375 0.6333333333333333 0.0484375 0.03888888888888889
0 0.9484375 0.45555555555555555 0.0515625 0.025
0 0.896875 0.4027777777777778 0.0578125 0.03888888888888889
0 0.865625 0.4527777777777778 0.053125 0.03333333333333333
0 0.7265625 0.4527777777777778 0.0453125 0.03333333333333333
0 0.740625 0.39166666666666666 0.0515625 0.03611111111111111
0 0.1282838859375 0.23162368333333333 0.1693748171875 0.2696337222222222 0.17806070624999998 0.2387505638888889 0.13763791875 0.19895880277777778 0.1282838859375 0.23162368333333333
0 0.145989734375 0.1455071861111111 0.1085736015625 0.11937528333333333 0.09821735000000001 0.14847671944444446 0.1369697734375 0.17520252777777778 0.145989734375 0.1455071861111111
0 0.0608012171875 0.1876745722222222 0.0975492046875 0.21202475555555556 0.1048988015625 0.18292331944444445 0.0678167421875 0.15976095 0.0608012171875 0.1876745722222222
0 0.314362334375 0.32724268888888886 0.35578733906250004 0.3557502194444444 0.36313693593749996 0.3218975277777778 0.32338229531249996 0.295765625 0.314362334375 0.32724268888888886