1 0.1241666671875 0.5614814805555556 0.0108333328125 0.4607407416666667 0 0.522962963888889 0.1025 0.6177777777777778 0.1241666671875 0.5614814805555556
1 0.9741666671875 0.365925925 0.8474999999999999 0.474074075 0.8658333328125 0.5377777777777778 0.9949999999999999 0.42666666666666664 0.9741666671875 0.365925925
0 0.1890625 0.25 0.0484375 0.03611111111111111
0 0.303125 0.28055555555555556 0.0546875 0.03333333333333333
0 0.1671875 0.18888888888888888 0.0578125 0.044444444444444446
0 0.9620569250000001 0.2870923138888889 0.9250392921874999 0.3093028944444444 0.92874105625 0.3380943861111111 0.96899773125 0.3142385777777778 0.9620569250000001 0.2870923138888889
0 0.8648856374999999 0.3660632638888889 0.8297188859375 0.4080165833333333 0.8385105734374999 0.42775931944444445 0.8746027671875 0.3899190722222222 0.8648856374999999 0.3660632638888889
0 0.836196971875 0.47464832222222225 0.7927012515625 0.5314086944444445 0.8024183812500001 0.5610228 0.8477649828124999 0.5017945888888888 0.836196971875 0.47464832222222225
0 0.7815959625 0.5585549583333334 0.7464292109375 0.6087344166666666 0.7589226625000001 0.6325902250000001 0.7927012515625 0.579942925 0.7815959625 0.5585549583333334
0 0.7589226625000001 0.5182468694444444 0.7260695125 0.5676037138888889 0.73671208125 0.5947499777777778 0.7700279515624999 0.5445705194444445 0.7589226625000001 0.5182468694444444
0 0.6834992328125 0.5198920972222223 0.6677667390625001 0.4598412694444444 0.6524969656249999 0.4738257083333334 0.6677667390625001 0.5330539222222223 0.6834992328125 0.5198920972222223
0 0.5960450749999999 0.32493256111111113 0.55486295625 0.2903827694444444 0.543294946875 0.3191742611111111 0.5835516234375 0.35290143888888886 0.5960450749999999 0.32493256111111113
3 0.8093591874999999 0.43763068888888884 0.7681770703125 0.5067302722222222 0.7848350046875 0.527295625 0.8260171218749999 0.463131725 0.8093591874999999 0.43763068888888884
3 0.7149642218750001 0.7584501805555555 0.7084861359375 0.7140290194444445 0.7006198890625 0.6654947888888889 0.682111071875 0.6696078583333334 0.692290921875 0.7584501805555555 0.7149642218750001 0.7584501805555555
3 0.3679239078125 0.754337111111111 0.32766723125 0.7033350361111111 0.3142483390625 0.7337717583333333 0.35635589687499997 0.7888869 0.3679239078125 0.754337111111111
0 0.30499393124999996 0.7321265305555557 0.2804697484375 0.6975767388888888 0.2698271796875 0.690995825 0.2605727703125 0.7173194749999999 0.2962022421875 0.7576275666666666 0.30499393124999996 0.7321265305555557
0 0.3790291984375 0.8505829555555555 0.34895237031250004 0.8127427083333334 0.3369216390625 0.8374211305555556 0.368386628125 0.8777292222222223 0.3790291984375 0.8505829555555555
0 0.1832984609375 0.5824107666666667 0.14905715 0.5388122222222222 0.1365636984375 0.5634906444444444 0.172655890625 0.6095570333333333 0.1832984609375 0.5824107666666667
3 0.0671556359375 0.22621887222222223 0.0037629375 0.2007178361111111 0.000061175 0.23938069722222224 0.0620657109375 0.2615912777777778 0.0671556359375 0.22621887222222223