1 0.6599999999999999 0.5970370361111111 0.6174999999999999 0.3437037027777778 0.5791666671875 0.3614814805555555 0.6216666671875 0.6118518527777778 0.6599999999999999 0.5970370361111111
1 0.5775 0.5792592583333334 0.5525 0.34962963055555557 0.515 0.35111111111111115 0.5375 0.585185186111111 0.5775 0.5792592583333334
1 0.42416666718749996 0.5511111111111111 0.4033333328125 0.31555555555555553 0.3641666671875 0.3244444444444444 0.3858333328125 0.5599999999999999 0.42416666718749996 0.5511111111111111
1 0.3416666671875 0.554074075 0.38 0.5451851861111111 0.3625 0.32 0.3275 0.3318518527777778 0.3416666671875 0.554074075
1 0.2891666671875 0.285925925 0.3083333328125 0.5422222222222222 0.3441666671875 0.5392592583333333 0.3291666671875 0.285925925 0.2891666671875 0.285925925
1 0.2983333328125 0.46222222222222226 0.2908333328125 0.24000000000000002 0.2475 0.23851851944444447 0.2616666671875 0.46962963055555557 0.2983333328125 0.46222222222222226
3 0.2359375 0.41944444444444445 0.0328125 0.125
0 0.9015625 0.7944444444444444 0.0484375 0.08888888888888889
0 0.3171875 0.8722222222222222 0.05625 0.058333333333333334
0 0.04375 0.8138888888888889 0.0546875 0.044444444444444446
0 0.590625 0.5388888888888889 0.028125 0.08055555555555556
0 0.64375 0.41944444444444445 0.025 0.075