0 0.5265625 0.5111111111111111 0.0609375 0.05
0 0.4265625 0.42777777777777776 0.0640625 0.05277777777777778
0 0.4421875 0.5027777777777778 0.05625 0.044444444444444446
0 0.3515625 0.5138888888888888 0.0625 0.05277777777777778
0 0.2234375 0.5 0.0625 0.06111111111111111
0 0.1265625 0.5055555555555555 0.071875 0.05277777777777778
0 0.1421875 0.42777777777777776 0.065625 0.04722222222222222
0 0.2390625 0.425 0.0765625 0.04722222222222222
0 0.3234375 0.4361111111111111 0.0578125 0.044444444444444446
0 0.54375 0.43333333333333335 0.0640625 0.05
0 0.6453125 0.5138888888888888 0.0796875 0.05277777777777778