1 0.4286753 0.6796352333333334 0.4553419671875 0.5892648638888889 0.3016099125 0.466443325 0.28325135625 0.5303583000000001 0.4286753 0.6796352333333334
0 0.8640625 0.8916666666666667 0.0640625 0.058333333333333334
0 0.790625 0.4361111111111111 0.0703125 0.05277777777777778
0 0.7515625 0.375 0.0609375 0.04722222222222222
0 0.7171875 0.30833333333333335 0.0515625 0.044444444444444446
0 0.69375 0.25 0.0546875 0.04722222222222222
0 0.66875 0.18888888888888888 0.0671875 0.05
0 0.6703125 0.125 0.053125 0.05277777777777778
0 0.615625 0.07222222222222222 0.0546875 0.044444444444444446
0 0.2640625 0.35 0.028125 0.1
3 0.1984375 0.19166666666666668 0.05 0.18611111111111112